       -9.84375         0.00000
       -9.68750         0.00000
       -9.53125         0.00000
       -9.37500         0.00000
       -9.21875         0.00000
       -9.06250         0.00000
       -8.90625         0.00000
       -8.75000         0.00000
       -8.59375         0.00000
       -8.43750         0.00000
       -8.28125         0.00000
       -8.12500         0.00000
       -7.96875         0.00000
       -7.81250         0.00000
       -7.65625         0.00000
       -7.50000         0.00000
       -7.34375         0.00000
       -7.18750         0.00000
       -7.03125         0.00000
       -6.87500         0.00000
       -6.71875         0.00000
       -6.56250         0.00000
       -6.40625         0.00000
       -6.25000         0.00000
       -6.09375         0.00000
       -5.93750         0.00000
       -5.78125         0.00000
       -5.62500         0.00000
       -5.46875         0.00000
       -5.31250         0.00000
       -5.15625         0.00000
       -5.00000         0.00000
       -4.84375         0.00000
       -4.68750         0.00000
       -4.53125         0.00000
       -4.37500         0.00000
       -4.21875         0.00000
       -4.06250         0.00000
       -3.90625         0.00000
       -3.75000         0.00000
       -3.59375         0.00000
       -3.43750         0.00000
       -3.28125         0.00001
       -3.12500         0.00003
       -2.96875         0.00008
       -2.81250         0.00021
       -2.65625         0.00049
       -2.50000         0.00109
       -2.34375         0.00232
       -2.18750         0.00471
       -2.03125         0.00911
       -1.87500         0.01677
       -1.71875         0.02941
       -1.56250         0.04911
       -1.40625         0.07809
       -1.25000         0.11826
       -1.09375         0.17056
       -0.93750         0.23427
       -0.78125         0.30645
       -0.62500         0.38175
       -0.46875         0.45290
       -0.31250         0.51170
       -0.15625         0.55058
        0.00000         0.56419
        0.15625         0.55058
        0.31250         0.51170
        0.46875         0.45290
        0.62500         0.38175
        0.78125         0.30645
        0.93750         0.23427
        1.09375         0.17056
        1.25000         0.11826
        1.40625         0.07809
        1.56250         0.04911
        1.71875         0.02941
        1.87500         0.01677
        2.03125         0.00911
        2.18750         0.00471
        2.34375         0.00232
        2.50000         0.00109
        2.65625         0.00049
        2.81250         0.00021
        2.96875         0.00008
        3.12500         0.00003
        3.28125         0.00001
        3.43750         0.00000
        3.59375         0.00000
        3.75000         0.00000
        3.90625         0.00000
        4.06250         0.00000
        4.21875         0.00000
        4.37500         0.00000
        4.53125         0.00000
        4.68750         0.00000
        4.84375         0.00000
        5.00000         0.00000
        5.15625         0.00000
        5.31250         0.00000
        5.46875         0.00000
        5.62500         0.00000
        5.78125         0.00000
        5.93750         0.00000
        6.09375         0.00000
        6.25000         0.00000
        6.40625         0.00000
        6.56250         0.00000
        6.71875         0.00000
        6.87500         0.00000
        7.03125         0.00000
        7.18750         0.00000
        7.34375         0.00000
        7.50000         0.00000
        7.65625         0.00000
        7.81250         0.00000
        7.96875         0.00000
        8.12500         0.00000
        8.28125         0.00000
        8.43750         0.00000
        8.59375         0.00000
        8.75000         0.00000
        8.90625         0.00000
        9.06250         0.00000
        9.21875         0.00000
        9.37500         0.00000
        9.53125         0.00000
        9.68750         0.00000
        9.84375         0.00000
       10.00000         0.00000

