  -5.0000000000000000        0.0000000000000000     
  -4.9000000000000004        1.5945764122735776E-110
  -4.7999999999999998        3.1891528245471551E-110
  -4.7000000000000002        4.7837292368207327E-110
  -4.5999999999999996       -2.4390640801022808E-110
  -4.5000000000000000       -1.4578574306657490E-108
  -4.4000000000000004       -2.1798561801854349E-107
  -4.2999999999999998       -3.0193675989841478E-106
  -4.2000000000000002       -4.1496902137915509E-105
  -4.0999999999999996       -5.7014322472259322E-104
  -4.0000000000000000       -7.8376357849456647E-103
  -3.8999999999999999       -1.0780871397116997E-101
  -3.7999999999999998       -1.4838428839769513E-100
  -3.7000000000000002       -2.0435284289094112E-099
  -3.5999999999999996       -2.8159516094464761E-098
  -3.5000000000000000       -3.8825266388417885E-097
  -3.3999999999999999       -5.3560115304579431E-096
  -3.2999999999999998       -7.3926381883988072E-095
  -3.2000000000000002       -1.0208957881412590E-093
  -3.0999999999999996       -1.4105242089720534E-092
  -3.0000000000000000       -1.9497998914547178E-091
  -2.8999999999999999       -2.6965168046869357E-090
  -2.7999999999999998       -3.7308953790003904E-089
  -2.6999999999999997       -5.1643200632449636E-088
  -2.5999999999999996       -7.1514925126533363E-087
  -2.5000000000000000       -9.9073392037439230E-086
  -2.3999999999999999       -1.3730538096408149E-084
  -2.2999999999999998       -1.9036261597301367E-083
  -2.1999999999999997       -2.6401753925450803E-082
  -2.0999999999999996       -3.6629783488540010E-081
  -2.0000000000000000       -5.0836993148986152E-080
  -1.8999999999999999       -7.0576933614254765E-079
  -1.7999999999999998       -9.8011414631438474E-078
  -1.6999999999999997       -1.3614917296166775E-076
  -1.5999999999999996       -1.8917833120769723E-075
  -1.5000000000000000       -2.6292953765277330E-074
  -1.3999999999999999       -3.6552119067464760E-073
  -1.2999999999999998       -5.0825837241406052E-072
  -1.1999999999999997       -7.0688528758908697E-071
  -1.0999999999999996       -9.8333024653627183E-070
  -1.0000000000000000       -1.3681368922441594E-068
 -0.89999999999999947       -1.9038514968763300E-067
 -0.79999999999999982       -2.6497421584744862E-066
 -0.70000000000000018       -3.6883733180932328E-065
 -0.59999999999999964       -5.1347644696908402E-064
 -0.50000000000000000       -7.1491478819535271E-063
 -0.39999999999999947       -9.9547380508429228E-062
 -0.29999999999999982       -1.3862479166583774E-060
 -0.19999999999999929       -1.9305506831243161E-059
  -9.9999999999999645E-002  -2.6887130926294067E-058
   0.0000000000000000       -3.7447634961236661E-057
  0.10000000000000053       -5.2157255875911946E-056
  0.20000000000000018       -7.2645582457238777E-055
  0.30000000000000071       -1.0118160272804331E-053
  0.40000000000000036       -1.4092417397028355E-052
  0.50000000000000000       -1.9627038351470962E-051
  0.60000000000000053       -2.7333994507650029E-050
  0.70000000000000018       -3.8064858457625339E-049
  0.80000000000000071       -5.3004390266171611E-048
  0.90000000000000036       -7.3800565960114448E-047
   1.0000000000000000       -1.0274518542049699E-045
   1.1000000000000005       -1.4302465649308635E-044
   1.2000000000000002       -1.9906810915665563E-043
   1.3000000000000007       -2.7703044881167701E-042
   1.4000000000000004       -3.8546241564448067E-041
   1.5000000000000000       -5.3623969991842979E-040
   1.6000000000000005       -7.4585076794475339E-039
   1.7000000000000002       -1.0371811671519144E-037
   1.8000000000000007       -1.4419846724579015E-036
   1.9000000000000004       -2.0043041698168720E-035
   2.0000000000000000       -2.7852051471612472E-034
   2.1000000000000005       -3.8693223754925996E-033
   2.2000000000000002       -5.3739099401842084E-032
   2.3000000000000007       -7.4613455895747969E-031
   2.4000000000000004       -1.0356398929826866E-029
   2.5000000000000000       -1.4370065615855929E-028
   2.6000000000000005       -1.9932446015461264E-027
   2.7000000000000002       -2.7638074696185609E-026
   2.8000000000000007       -3.8308379117148852E-025
   2.9000000000000004       -5.3077688430835695E-024
   3.0000000000000000       -7.3511598474009134E-023
   3.0999999999999996       -1.0176976125594321E-021
   3.2000000000000011       -1.4082962538079441E-020
   3.3000000000000007       -1.9479374115246117E-019
   3.4000000000000004       -2.6931154881331724E-018
   3.5000000000000000       -3.7215788817622406E-017
   3.5999999999999996       -5.1402588352882031E-016
   3.7000000000000011       -7.0961283164408260E-015
   3.8000000000000007       -9.7910623008736355E-014
   3.9000000000000004       -1.3502157973961993E-012
   4.0000000000000000       -1.8609498567710503E-011
   4.0999999999999996       -2.5634056312794495E-010
   4.2000000000000011       -3.5289393579017803E-009
   4.3000000000000007       -4.8552124409943363E-008
   4.4000000000000004       -6.6757859050083652E-007
   4.5000000000000000       -9.1731729512392982E-006
   4.6000000000000014       -1.2596579597457663E-004
   4.7000000000000011       -1.7285994421084596E-003
   4.8000000000000007       -2.3704868033993135E-002
   4.9000000000000004      -0.32484401344219765     
   5.0000000000000000       -4.4483505801935728     
