   0.10000    0.00199
   0.20000    0.00742
   0.30000    0.01584
   0.40000    0.02676
   0.50000    0.03976
   0.60000    0.05446
   0.70000    0.07050
   0.80000    0.08759
   0.90000    0.10544
   1.00000    0.12382
   1.10000    0.14252
   1.20000    0.16133
   1.30000    0.18011
   1.40000    0.19869
   1.50000    0.21696
   1.60000    0.23481
   1.70000    0.25215
   1.80000    0.26890
   1.90000    0.28500
   2.00000    0.30038
   2.10000    0.31502
   2.20000    0.32888
   2.30000    0.34192
   2.40000    0.35414
   2.50000    0.36553
   2.60000    0.37607
   2.70000    0.38578
   2.80000    0.39465
   2.90000    0.40269
   3.00000    0.40992
   3.10000    0.41636
   3.20000    0.42202
   3.30000    0.42692
   3.40000    0.43108
   3.50000    0.43453
   3.60000    0.43729
   3.70000    0.43940
   3.80000    0.44086
   3.90000    0.44172
   4.00000    0.44200
   4.10000    0.44173
   4.20000    0.44094
   4.30000    0.43964
   4.40000    0.43788
   4.50000    0.43567
   4.60000    0.43304
   4.70000    0.43003
   4.80000    0.42665
   4.90000    0.42292
   5.00000    0.41889
   5.10000    0.41455
   5.20000    0.40995
   5.30000    0.40510
   5.40000    0.40002
   5.50000    0.39473
   5.60000    0.38926
   5.70000    0.38362
   5.80000    0.37783
   5.90000    0.37190
   6.00000    0.36585
   6.10000    0.35971
   6.20000    0.35347
   6.30000    0.34717
   6.40000    0.34080
   6.50000    0.33439
   6.60000    0.32795
   6.70000    0.32148
   6.80000    0.31499
   6.90000    0.30851
   7.00000    0.30203
   7.10000    0.29557
   7.20000    0.28913
   7.30000    0.28272
   7.40000    0.27635
   7.50000    0.27002
   7.60000    0.26375
   7.70000    0.25753
   7.80000    0.25138
   7.90000    0.24529
   8.00000    0.23927
   8.10000    0.23332
   8.20000    0.22746
   8.30000    0.22167
   8.40000    0.21597
   8.50000    0.21036
   8.60000    0.20484
   8.70000    0.19941
   8.80000    0.19407
   8.90000    0.18882
   9.00000    0.18367
   9.10000    0.17862
   9.20000    0.17366
   9.30000    0.16880
   9.40000    0.16404
   9.50000    0.15938
   9.60000    0.15481
   9.70000    0.15035
   9.80000    0.14598
   9.90000    0.14171
  10.00000    0.13753
  10.10000    0.13345
  10.20000    0.12947
  10.30000    0.12558
  10.40000    0.12179
  10.50000    0.11809
  10.60000    0.11448
  10.70000    0.11096
  10.80000    0.10753
  10.90000    0.10419
  11.00000    0.10093
  11.10000    0.09777
  11.20000    0.09468
  11.30000    0.09168
  11.40000    0.08876
  11.50000    0.08592
  11.60000    0.08315
  11.70000    0.08047
  11.80000    0.07786
  11.90000    0.07532
  12.00000    0.07286
  12.10000    0.07046
  12.20000    0.06814
  12.30000    0.06588
  12.40000    0.06369
  12.50000    0.06157
  12.60000    0.05951
  12.70000    0.05751
  12.80000    0.05557
  12.90000    0.05368
  13.00000    0.05186
  13.10000    0.05009
  13.20000    0.04838
  13.30000    0.04672
  13.40000    0.04511
  13.50000    0.04356
  13.60000    0.04205
  13.70000    0.04059
  13.80000    0.03917
  13.90000    0.03781
  14.00000    0.03648
  14.10000    0.03520
  14.20000    0.03396
  14.30000    0.03276
  14.40000    0.03160
  14.50000    0.03048
  14.60000    0.02939
  14.70000    0.02834
  14.80000    0.02733
  14.90000    0.02635
  15.00000    0.02540
  15.10000    0.02448
  15.20000    0.02360
  15.30000    0.02275
  15.40000    0.02192
  15.50000    0.02112
  15.60000    0.02035
  15.70000    0.01961
  15.80000    0.01889
  15.90000    0.01820
  16.00000    0.01753
  16.10000    0.01688
  16.20000    0.01626
  16.30000    0.01566
  16.40000    0.01508
  16.50000    0.01452
  16.60000    0.01398
  16.70000    0.01346
  16.80000    0.01295
  16.90000    0.01247
  17.00000    0.01200
  17.10000    0.01155
  17.20000    0.01112
  17.30000    0.01070
  17.40000    0.01029
  17.50000    0.00991
  17.60000    0.00953
  17.70000    0.00917
  17.80000    0.00882
  17.90000    0.00848
  18.00000    0.00816
  18.10000    0.00785
  18.20000    0.00755
  18.30000    0.00726
  18.40000    0.00698
  18.50000    0.00671
  18.60000    0.00646
  18.70000    0.00621
  18.80000    0.00597
  18.90000    0.00574
  19.00000    0.00552
  19.10000    0.00530
  19.20000    0.00510
  19.30000    0.00490
  19.40000    0.00471
  19.50000    0.00452
  19.60000    0.00435
  19.70000    0.00418
  19.80000    0.00401
  19.90000    0.00386
  20.00000    0.00371
  20.10000    0.00356
  20.20000    0.00342
  20.30000    0.00329
  20.40000    0.00316
  20.50000    0.00303
  20.60000    0.00291
  20.70000    0.00280
  20.80000    0.00269
  20.90000    0.00258
  21.00000    0.00248
  21.10000    0.00238
  21.20000    0.00229
  21.30000    0.00219
  21.40000    0.00211
  21.50000    0.00202
  21.60000    0.00194
  21.70000    0.00186
  21.80000    0.00179
  21.90000    0.00172
  22.00000    0.00165
  22.10000    0.00158
  22.20000    0.00152
  22.30000    0.00146
  22.40000    0.00140
  22.50000    0.00134
  22.60000    0.00129
  22.70000    0.00124
  22.80000    0.00119
  22.90000    0.00114
  23.00000    0.00109
  23.10000    0.00105
  23.20000    0.00101
  23.30000    0.00097
  23.40000    0.00093
  23.50000    0.00089
  23.60000    0.00085
  23.70000    0.00082
  23.80000    0.00079
  23.90000    0.00075
  24.00000    0.00072
  24.10000    0.00069
  24.20000    0.00066
  24.30000    0.00064
  24.40000    0.00061
  24.50000    0.00059
  24.60000    0.00056
  24.70000    0.00054
  24.80000    0.00052
  24.90000    0.00050
  25.00000    0.00048
  25.10000    0.00046
  25.20000    0.00044
  25.30000    0.00042
  25.40000    0.00040
  25.50000    0.00039
  25.60000    0.00037
  25.70000    0.00035
  25.80000    0.00034
  25.90000    0.00033
  26.00000    0.00031
  26.10000    0.00030
  26.20000    0.00029
  26.30000    0.00027
  26.40000    0.00026
  26.50000    0.00025
  26.60000    0.00024
  26.70000    0.00023
  26.80000    0.00022
  26.90000    0.00021
  27.00000    0.00020
  27.10000    0.00020
  27.20000    0.00019
  27.30000    0.00018
  27.40000    0.00017
  27.50000    0.00016
  27.60000    0.00016
  27.70000    0.00015
  27.80000    0.00014
  27.90000    0.00014
  28.00000    0.00013
  28.10000    0.00013
  28.20000    0.00012
  28.30000    0.00012
  28.40000    0.00011
  28.50000    0.00011
  28.60000    0.00010
  28.70000    0.00010
  28.80000    0.00009
  28.90000    0.00009
  29.00000    0.00009
  29.10000    0.00008
  29.20000    0.00008
  29.30000    0.00008
  29.40000    0.00007
  29.50000    0.00007
  29.60000    0.00007
  29.70000    0.00006
  29.80000    0.00006
  29.90000    0.00006
  30.00000    0.00006
  30.10000    0.00005
  30.20000    0.00005
  30.30000    0.00005
  30.40000    0.00005
  30.50000    0.00005
  30.60000    0.00004
  30.70000    0.00004
  30.80000    0.00004
  30.90000    0.00004
  31.00000    0.00004
  31.10000    0.00003
  31.20000    0.00003
  31.30000    0.00003
  31.40000    0.00003
  31.50000    0.00003
  31.60000    0.00003
  31.70000    0.00003
  31.80000    0.00003
  31.90000    0.00002
  32.00000    0.00002
  32.10000    0.00002
  32.20000    0.00002
  32.30000    0.00002
  32.40000    0.00002
  32.50000    0.00002
  32.60000    0.00002
  32.70000    0.00002
  32.80000    0.00002
  32.90000    0.00002
  33.00000    0.00002
  33.10000    0.00001
  33.20000    0.00001
  33.30000    0.00001
  33.40000    0.00001
  33.50000    0.00001
  33.60000    0.00001
  33.70000    0.00001
  33.80000    0.00001
  33.90000    0.00001
  34.00000    0.00001
  34.10000    0.00001
  34.20000    0.00001
  34.30000    0.00001
  34.40000    0.00001
  34.50000    0.00001
  34.60000    0.00001
  34.70000    0.00001
  34.80000    0.00001
  34.90000    0.00001
  35.00000    0.00001
  35.10000    0.00001
  35.20000    0.00001
  35.30000    0.00001
  35.40000    0.00001
  35.50000    0.00001
  35.60000    0.00000
  35.70000    0.00000
  35.80000    0.00000
  35.90000    0.00000
  36.00000    0.00000
  36.10000    0.00000
  36.20000    0.00000
  36.30000    0.00000
  36.40000    0.00000
  36.50000    0.00000
  36.60000    0.00000
  36.70000    0.00000
  36.80000    0.00000
  36.90000    0.00000
  37.00000    0.00000
  37.10000    0.00000
  37.20000    0.00000
  37.30000    0.00000
  37.40000    0.00000
  37.50000    0.00000
  37.60000    0.00000
  37.70000    0.00000
  37.80000    0.00000
  37.90000    0.00000
  38.00000    0.00000
  38.10000    0.00000
  38.20000    0.00000
  38.30000    0.00000
  38.40000    0.00000
  38.50000    0.00000
  38.60000    0.00000
  38.70000    0.00000
  38.80000    0.00000
  38.90000    0.00000
  39.00000    0.00000
  39.10000    0.00000
  39.20000    0.00000
  39.30000    0.00000
  39.40000    0.00000
  39.50000    0.00000
  39.60000    0.00000
  39.70000    0.00000
  39.80000    0.00000
  39.90000    0.00000
  40.00000    0.00000
  40.10000    0.00000
  40.20000    0.00000
  40.30000    0.00000
  40.40000    0.00000
  40.50000    0.00000
  40.60000    0.00000
  40.70000    0.00000
  40.80000    0.00000
  40.90000    0.00000
  41.00000    0.00000
  41.10000    0.00000
  41.20000    0.00000
  41.30000    0.00000
  41.40000    0.00000
  41.50000    0.00000
  41.60000    0.00000
  41.70000    0.00000
  41.80000    0.00000
  41.90000    0.00000
  42.00000    0.00000
  42.10000    0.00000
  42.20000    0.00000
  42.30000    0.00000
  42.40000    0.00000
  42.50000    0.00000
  42.60000    0.00000
  42.70000    0.00000
  42.80000    0.00000
  42.90000    0.00000
  43.00000    0.00000
  43.10000    0.00000
  43.20000    0.00000
  43.30000    0.00000
  43.40000    0.00000
  43.50000    0.00000
  43.60000    0.00000
  43.70000    0.00000
  43.80000    0.00000
  43.90000    0.00000
  44.00000    0.00000
  44.10000    0.00000
  44.20000    0.00000
  44.30000    0.00000
  44.40000    0.00000
  44.50000    0.00000
  44.60000    0.00000
  44.70000    0.00000
  44.80000    0.00000
  44.90000    0.00000
  45.00000    0.00000
  45.10000    0.00000
  45.20000    0.00000
  45.30000    0.00000
  45.40000    0.00000
  45.50000    0.00000
  45.60000    0.00000
  45.70000    0.00000
  45.80000    0.00000
  45.90000    0.00000
  46.00000    0.00000
  46.10000    0.00000
  46.20000    0.00000
  46.30000    0.00000
  46.40000    0.00000
  46.50000    0.00000
  46.60000    0.00000
  46.70000    0.00000
  46.80000    0.00000
  46.90000    0.00000
  47.00000    0.00000
  47.10000    0.00000
  47.20000    0.00000
  47.30000    0.00000
  47.40000    0.00000
  47.50000    0.00000
  47.60000    0.00000
  47.70000    0.00000
  47.80000    0.00000
  47.90000    0.00000
  48.00000    0.00000
  48.10000    0.00000
  48.20000    0.00000
  48.30000    0.00000
  48.40000    0.00000
  48.50000    0.00000
  48.60000    0.00000
  48.70000    0.00000
  48.80000    0.00000
  48.90000    0.00000
  49.00000    0.00000
  49.10000    0.00000
  49.20000    0.00000
  49.30000    0.00000
  49.40000    0.00000
  49.50000    0.00000
  49.60000    0.00000
  49.70000    0.00000
  49.80000    0.00000
  49.90000    0.00000
  50.00000    0.00000

   0.10000    0.00118
   0.20000    0.00440
   0.30000    0.00937
   0.40000    0.01582
   0.50000    0.02348
   0.60000    0.03210
   0.70000    0.04147
   0.80000    0.05140
   0.90000    0.06171
   1.00000    0.07224
   1.10000    0.08285
   1.20000    0.09342
   1.30000    0.10383
   1.40000    0.11399
   1.50000    0.12382
   1.60000    0.13323
   1.70000    0.14216
   1.80000    0.15057
   1.90000    0.15840
   2.00000    0.16562
   2.10000    0.17219
   2.20000    0.17810
   2.30000    0.18332
   2.40000    0.18784
   2.50000    0.19167
   2.60000    0.19478
   2.70000    0.19719
   2.80000    0.19890
   2.90000    0.19991
   3.00000    0.20025
   3.10000    0.19992
   3.20000    0.19893
   3.30000    0.19732
   3.40000    0.19509
   3.50000    0.19226
   3.60000    0.18887
   3.70000    0.18492
   3.80000    0.18046
   3.90000    0.17549
   4.00000    0.17005
   4.10000    0.16416
   4.20000    0.15785
   4.30000    0.15114
   4.40000    0.14406
   4.50000    0.13663
   4.60000    0.12888
   4.70000    0.12084
   4.80000    0.11253
   4.90000    0.10397
   5.00000    0.09519
   5.10000    0.08621
   5.20000    0.07705
   5.30000    0.06774
   5.40000    0.05830
   5.50000    0.04874
   5.60000    0.03910
   5.70000    0.02938
   5.80000    0.01961
   5.90000    0.00981
   6.00000   -0.00001
   6.10000   -0.00983
   6.20000   -0.01963
   6.30000   -0.02941
   6.40000   -0.03913
   6.50000   -0.04880
   6.60000   -0.05840
   6.70000   -0.06790
   6.80000   -0.07732
   6.90000   -0.08662
   7.00000   -0.09581
   7.10000   -0.10486
   7.20000   -0.11378
   7.30000   -0.12256
   7.40000   -0.13118
   7.50000   -0.13964
   7.60000   -0.14793
   7.70000   -0.15605
   7.80000   -0.16399
   7.90000   -0.17175
   8.00000   -0.17931
   8.10000   -0.18669
   8.20000   -0.19387
   8.30000   -0.20084
   8.40000   -0.20762
   8.50000   -0.21419
   8.60000   -0.22055
   8.70000   -0.22671
   8.80000   -0.23265
   8.90000   -0.23839
   9.00000   -0.24391
   9.10000   -0.24923
   9.20000   -0.25433
   9.30000   -0.25923
   9.40000   -0.26391
   9.50000   -0.26839
   9.60000   -0.27265
   9.70000   -0.27672
   9.80000   -0.28058
   9.90000   -0.28423
  10.00000   -0.28769
  10.10000   -0.29094
  10.20000   -0.29401
  10.30000   -0.29687
  10.40000   -0.29955
  10.50000   -0.30204
  10.60000   -0.30435
  10.70000   -0.30647
  10.80000   -0.30841
  10.90000   -0.31018
  11.00000   -0.31178
  11.10000   -0.31321
  11.20000   -0.31447
  11.30000   -0.31557
  11.40000   -0.31651
  11.50000   -0.31730
  11.60000   -0.31793
  11.70000   -0.31842
  11.80000   -0.31876
  11.90000   -0.31897
  12.00000   -0.31903
  12.10000   -0.31897
  12.20000   -0.31877
  12.30000   -0.31845
  12.40000   -0.31801
  12.50000   -0.31745
  12.60000   -0.31677
  12.70000   -0.31599
  12.80000   -0.31509
  12.90000   -0.31409
  13.00000   -0.31300
  13.10000   -0.31180
  13.20000   -0.31052
  13.30000   -0.30914
  13.40000   -0.30767
  13.50000   -0.30613
  13.60000   -0.30450
  13.70000   -0.30280
  13.80000   -0.30102
  13.90000   -0.29917
  14.00000   -0.29726
  14.10000   -0.29528
  14.20000   -0.29324
  14.30000   -0.29114
  14.40000   -0.28899
  14.50000   -0.28679
  14.60000   -0.28453
  14.70000   -0.28223
  14.80000   -0.27989
  14.90000   -0.27750
  15.00000   -0.27507
  15.10000   -0.27261
  15.20000   -0.27011
  15.30000   -0.26758
  15.40000   -0.26502
  15.50000   -0.26244
  15.60000   -0.25983
  15.70000   -0.25719
  15.80000   -0.25454
  15.90000   -0.25186
  16.00000   -0.24917
  16.10000   -0.24646
  16.20000   -0.24374
  16.30000   -0.24101
  16.40000   -0.23827
  16.50000   -0.23552
  16.60000   -0.23276
  16.70000   -0.23000
  16.80000   -0.22724
  16.90000   -0.22447
  17.00000   -0.22171
  17.10000   -0.21894
  17.20000   -0.21618
  17.30000   -0.21342
  17.40000   -0.21066
  17.50000   -0.20791
  17.60000   -0.20517
  17.70000   -0.20243
  17.80000   -0.19971
  17.90000   -0.19699
  18.00000   -0.19429
  18.10000   -0.19160
  18.20000   -0.18892
  18.30000   -0.18625
  18.40000   -0.18360
  18.50000   -0.18096
  18.60000   -0.17834
  18.70000   -0.17574
  18.80000   -0.17315
  18.90000   -0.17059
  19.00000   -0.16804
  19.10000   -0.16551
  19.20000   -0.16300
  19.30000   -0.16051
  19.40000   -0.15804
  19.50000   -0.15559
  19.60000   -0.15316
  19.70000   -0.15075
  19.80000   -0.14837
  19.90000   -0.14601
  20.00000   -0.14367
  20.10000   -0.14136
  20.20000   -0.13907
  20.30000   -0.13680
  20.40000   -0.13456
  20.50000   -0.13234
  20.60000   -0.13014
  20.70000   -0.12797
  20.80000   -0.12582
  20.90000   -0.12370
  21.00000   -0.12161
  21.10000   -0.11953
  21.20000   -0.11749
  21.30000   -0.11546
  21.40000   -0.11347
  21.50000   -0.11149
  21.60000   -0.10955
  21.70000   -0.10762
  21.80000   -0.10573
  21.90000   -0.10385
  22.00000   -0.10200
  22.10000   -0.10018
  22.20000   -0.09838
  22.30000   -0.09661
  22.40000   -0.09486
  22.50000   -0.09314
  22.60000   -0.09144
  22.70000   -0.08976
  22.80000   -0.08811
  22.90000   -0.08648
  23.00000   -0.08488
  23.10000   -0.08330
  23.20000   -0.08174
  23.30000   -0.08021
  23.40000   -0.07870
  23.50000   -0.07721
  23.60000   -0.07575
  23.70000   -0.07431
  23.80000   -0.07289
  23.90000   -0.07149
  24.00000   -0.07012
  24.10000   -0.06876
  24.20000   -0.06743
  24.30000   -0.06612
  24.40000   -0.06484
  24.50000   -0.06357
  24.60000   -0.06232
  24.70000   -0.06110
  24.80000   -0.05989
  24.90000   -0.05871
  25.00000   -0.05754
  25.10000   -0.05640
  25.20000   -0.05527
  25.30000   -0.05417
  25.40000   -0.05308
  25.50000   -0.05201
  25.60000   -0.05096
  25.70000   -0.04993
  25.80000   -0.04892
  25.90000   -0.04792
  26.00000   -0.04694
  26.10000   -0.04598
  26.20000   -0.04504
  26.30000   -0.04411
  26.40000   -0.04320
  26.50000   -0.04231
  26.60000   -0.04143
  26.70000   -0.04057
  26.80000   -0.03973
  26.90000   -0.03890
  27.00000   -0.03809
  27.10000   -0.03729
  27.20000   -0.03650
  27.30000   -0.03574
  27.40000   -0.03498
  27.50000   -0.03424
  27.60000   -0.03351
  27.70000   -0.03280
  27.80000   -0.03210
  27.90000   -0.03142
  28.00000   -0.03075
  28.10000   -0.03009
  28.20000   -0.02944
  28.30000   -0.02881
  28.40000   -0.02819
  28.50000   -0.02758
  28.60000   -0.02698
  28.70000   -0.02639
  28.80000   -0.02582
  28.90000   -0.02526
  29.00000   -0.02471
  29.10000   -0.02417
  29.20000   -0.02364
  29.30000   -0.02312
  29.40000   -0.02261
  29.50000   -0.02211
  29.60000   -0.02162
  29.70000   -0.02114
  29.80000   -0.02068
  29.90000   -0.02022
  30.00000   -0.01977
  30.10000   -0.01933
  30.20000   -0.01890
  30.30000   -0.01847
  30.40000   -0.01806
  30.50000   -0.01766
  30.60000   -0.01726
  30.70000   -0.01687
  30.80000   -0.01649
  30.90000   -0.01612
  31.00000   -0.01575
  31.10000   -0.01540
  31.20000   -0.01505
  31.30000   -0.01471
  31.40000   -0.01437
  31.50000   -0.01404
  31.60000   -0.01372
  31.70000   -0.01341
  31.80000   -0.01310
  31.90000   -0.01280
  32.00000   -0.01251
  32.10000   -0.01222
  32.20000   -0.01194
  32.30000   -0.01166
  32.40000   -0.01140
  32.50000   -0.01113
  32.60000   -0.01087
  32.70000   -0.01062
  32.80000   -0.01038
  32.90000   -0.01013
  33.00000   -0.00990
  33.10000   -0.00967
  33.20000   -0.00944
  33.30000   -0.00922
  33.40000   -0.00900
  33.50000   -0.00879
  33.60000   -0.00859
  33.70000   -0.00839
  33.80000   -0.00819
  33.90000   -0.00800
  34.00000   -0.00781
  34.10000   -0.00762
  34.20000   -0.00744
  34.30000   -0.00727
  34.40000   -0.00709
  34.50000   -0.00692
  34.60000   -0.00676
  34.70000   -0.00660
  34.80000   -0.00644
  34.90000   -0.00629
  35.00000   -0.00614
  35.10000   -0.00599
  35.20000   -0.00585
  35.30000   -0.00571
  35.40000   -0.00557
  35.50000   -0.00544
  35.60000   -0.00531
  35.70000   -0.00518
  35.80000   -0.00505
  35.90000   -0.00493
  36.00000   -0.00481
  36.10000   -0.00470
  36.20000   -0.00458
  36.30000   -0.00447
  36.40000   -0.00436
  36.50000   -0.00426
  36.60000   -0.00415
  36.70000   -0.00405
  36.80000   -0.00395
  36.90000   -0.00386
  37.00000   -0.00376
  37.10000   -0.00367
  37.20000   -0.00358
  37.30000   -0.00349
  37.40000   -0.00341
  37.50000   -0.00332
  37.60000   -0.00324
  37.70000   -0.00316
  37.80000   -0.00308
  37.90000   -0.00301
  38.00000   -0.00293
  38.10000   -0.00286
  38.20000   -0.00279
  38.30000   -0.00272
  38.40000   -0.00265
  38.50000   -0.00259
  38.60000   -0.00252
  38.70000   -0.00246
  38.80000   -0.00240
  38.90000   -0.00234
  39.00000   -0.00228
  39.10000   -0.00222
  39.20000   -0.00217
  39.30000   -0.00211
  39.40000   -0.00206
  39.50000   -0.00201
  39.60000   -0.00196
  39.70000   -0.00191
  39.80000   -0.00186
  39.90000   -0.00181
  40.00000   -0.00177
  40.10000   -0.00172
  40.20000   -0.00168
  40.30000   -0.00164
  40.40000   -0.00159
  40.50000   -0.00155
  40.60000   -0.00151
  40.70000   -0.00147
  40.80000   -0.00144
  40.90000   -0.00140
  41.00000   -0.00136
  41.10000   -0.00133
  41.20000   -0.00129
  41.30000   -0.00126
  41.40000   -0.00123
  41.50000   -0.00120
  41.60000   -0.00117
  41.70000   -0.00114
  41.80000   -0.00111
  41.90000   -0.00108
  42.00000   -0.00105
  42.10000   -0.00102
  42.20000   -0.00099
  42.30000   -0.00097
  42.40000   -0.00094
  42.50000   -0.00092
  42.60000   -0.00089
  42.70000   -0.00087
  42.80000   -0.00085
  42.90000   -0.00082
  43.00000   -0.00080
  43.10000   -0.00078
  43.20000   -0.00076
  43.30000   -0.00074
  43.40000   -0.00072
  43.50000   -0.00070
  43.60000   -0.00068
  43.70000   -0.00066
  43.80000   -0.00064
  43.90000   -0.00062
  44.00000   -0.00061
  44.10000   -0.00059
  44.20000   -0.00057
  44.30000   -0.00056
  44.40000   -0.00054
  44.50000   -0.00053
  44.60000   -0.00051
  44.70000   -0.00050
  44.80000   -0.00048
  44.90000   -0.00047
  45.00000   -0.00045
  45.10000   -0.00044
  45.20000   -0.00043
  45.30000   -0.00041
  45.40000   -0.00040
  45.50000   -0.00039
  45.60000   -0.00038
  45.70000   -0.00037
  45.80000   -0.00035
  45.90000   -0.00034
  46.00000   -0.00033
  46.10000   -0.00032
  46.20000   -0.00031
  46.30000   -0.00030
  46.40000   -0.00029
  46.50000   -0.00028
  46.60000   -0.00027
  46.70000   -0.00026
  46.80000   -0.00025
  46.90000   -0.00024
  47.00000   -0.00023
  47.10000   -0.00022
  47.20000   -0.00021
  47.30000   -0.00020
  47.40000   -0.00020
  47.50000   -0.00019
  47.60000   -0.00018
  47.70000   -0.00017
  47.80000   -0.00016
  47.90000   -0.00016
  48.00000   -0.00015
  48.10000   -0.00014
  48.20000   -0.00013
  48.30000   -0.00012
  48.40000   -0.00012
  48.50000   -0.00011
  48.60000   -0.00010
  48.70000   -0.00010
  48.80000   -0.00009
  48.90000   -0.00008
  49.00000   -0.00007
  49.10000   -0.00007
  49.20000   -0.00006
  49.30000   -0.00005
  49.40000   -0.00005
  49.50000   -0.00004
  49.60000   -0.00003
  49.70000   -0.00003
  49.80000   -0.00002
  49.90000   -0.00001
  50.00000   -0.00001

   0.10000    0.00079
   0.20000    0.00295
   0.30000    0.00629
   0.40000    0.01061
   0.50000    0.01574
   0.60000    0.02150
   0.70000    0.02776
   0.80000    0.03438
   0.90000    0.04124
   1.00000    0.04822
   1.10000    0.05523
   1.20000    0.06219
   1.30000    0.06902
   1.40000    0.07564
   1.50000    0.08201
   1.60000    0.08806
   1.70000    0.09375
   1.80000    0.09905
   1.90000    0.10392
   2.00000    0.10834
   2.10000    0.11228
   2.20000    0.11574
   2.30000    0.11869
   2.40000    0.12114
   2.50000    0.12307
   2.60000    0.12449
   2.70000    0.12540
   2.80000    0.12580
   2.90000    0.12570
   3.00000    0.12511
   3.10000    0.12404
   3.20000    0.12252
   3.30000    0.12054
   3.40000    0.11812
   3.50000    0.11529
   3.60000    0.11206
   3.70000    0.10845
   3.80000    0.10449
   3.90000    0.10018
   4.00000    0.09555
   4.10000    0.09062
   4.20000    0.08542
   4.30000    0.07996
   4.40000    0.07426
   4.50000    0.06835
   4.60000    0.06225
   4.70000    0.05597
   4.80000    0.04954
   4.90000    0.04298
   5.00000    0.03630
   5.10000    0.02954
   5.20000    0.02269
   5.30000    0.01579
   5.40000    0.00885
   5.50000    0.00190
   5.60000   -0.00507
   5.70000   -0.01202
   5.80000   -0.01895
   5.90000   -0.02583
   6.00000   -0.03266
   6.10000   -0.03941
   6.20000   -0.04608
   6.30000   -0.05266
   6.40000   -0.05913
   6.50000   -0.06548
   6.60000   -0.07170
   6.70000   -0.07778
   6.80000   -0.08371
   6.90000   -0.08949
   7.00000   -0.09510
   7.10000   -0.10053
   7.20000   -0.10579
   7.30000   -0.11086
   7.40000   -0.11573
   7.50000   -0.12041
   7.60000   -0.12488
   7.70000   -0.12915
   7.80000   -0.13320
   7.90000   -0.13704
   8.00000   -0.14067
   8.10000   -0.14407
   8.20000   -0.14725
   8.30000   -0.15021
   8.40000   -0.15294
   8.50000   -0.15545
   8.60000   -0.15773
   8.70000   -0.15979
   8.80000   -0.16162
   8.90000   -0.16323
   9.00000   -0.16461
   9.10000   -0.16577
   9.20000   -0.16671
   9.30000   -0.16743
   9.40000   -0.16794
   9.50000   -0.16823
   9.60000   -0.16831
   9.70000   -0.16818
   9.80000   -0.16784
   9.90000   -0.16730
  10.00000   -0.16656
  10.10000   -0.16563
  10.20000   -0.16450
  10.30000   -0.16318
  10.40000   -0.16168
  10.50000   -0.16001
  10.60000   -0.15815
  10.70000   -0.15612
  10.80000   -0.15393
  10.90000   -0.15157
  11.00000   -0.14906
  11.10000   -0.14639
  11.20000   -0.14358
  11.30000   -0.14062
  11.40000   -0.13752
  11.50000   -0.13428
  11.60000   -0.13092
  11.70000   -0.12743
  11.80000   -0.12383
  11.90000   -0.12011
  12.00000   -0.11627
  12.10000   -0.11234
  12.20000   -0.10830
  12.30000   -0.10417
  12.40000   -0.09995
  12.50000   -0.09564
  12.60000   -0.09125
  12.70000   -0.08678
  12.80000   -0.08224
  12.90000   -0.07764
  13.00000   -0.07297
  13.10000   -0.06825
  13.20000   -0.06347
  13.30000   -0.05864
  13.40000   -0.05377
  13.50000   -0.04885
  13.60000   -0.04390
  13.70000   -0.03892
  13.80000   -0.03391
  13.90000   -0.02887
  14.00000   -0.02381
  14.10000   -0.01874
  14.20000   -0.01366
  14.30000   -0.00856
  14.40000   -0.00346
  14.50000    0.00164
  14.60000    0.00675
  14.70000    0.01184
  14.80000    0.01693
  14.90000    0.02201
  15.00000    0.02708
  15.10000    0.03213
  15.20000    0.03716
  15.30000    0.04216
  15.40000    0.04715
  15.50000    0.05210
  15.60000    0.05702
  15.70000    0.06191
  15.80000    0.06677
  15.90000    0.07159
  16.00000    0.07637
  16.10000    0.08110
  16.20000    0.08580
  16.30000    0.09044
  16.40000    0.09504
  16.50000    0.09959
  16.60000    0.10409
  16.70000    0.10854
  16.80000    0.11293
  16.90000    0.11726
  17.00000    0.12154
  17.10000    0.12576
  17.20000    0.12992
  17.30000    0.13402
  17.40000    0.13805
  17.50000    0.14203
  17.60000    0.14593
  17.70000    0.14978
  17.80000    0.15355
  17.90000    0.15726
  18.00000    0.16090
  18.10000    0.16448
  18.20000    0.16798
  18.30000    0.17142
  18.40000    0.17478
  18.50000    0.17808
  18.60000    0.18130
  18.70000    0.18445
  18.80000    0.18753
  18.90000    0.19054
  19.00000    0.19348
  19.10000    0.19634
  19.20000    0.19914
  19.30000    0.20186
  19.40000    0.20450
  19.50000    0.20708
  19.60000    0.20958
  19.70000    0.21202
  19.80000    0.21437
  19.90000    0.21666
  20.00000    0.21888
  20.10000    0.22102
  20.20000    0.22310
  20.30000    0.22510
  20.40000    0.22703
  20.50000    0.22890
  20.60000    0.23069
  20.70000    0.23241
  20.80000    0.23407
  20.90000    0.23566
  21.00000    0.23718
  21.10000    0.23863
  21.20000    0.24002
  21.30000    0.24134
  21.40000    0.24259
  21.50000    0.24378
  21.60000    0.24491
  21.70000    0.24597
  21.80000    0.24697
  21.90000    0.24791
  22.00000    0.24879
  22.10000    0.24961
  22.20000    0.25037
  22.30000    0.25106
  22.40000    0.25170
  22.50000    0.25228
  22.60000    0.25281
  22.70000    0.25328
  22.80000    0.25369
  22.90000    0.25405
  23.00000    0.25436
  23.10000    0.25461
  23.20000    0.25481
  23.30000    0.25497
  23.40000    0.25507
  23.50000    0.25512
  23.60000    0.25512
  23.70000    0.25507
  23.80000    0.25498
  23.90000    0.25484
  24.00000    0.25466
  24.10000    0.25443
  24.20000    0.25416
  24.30000    0.25384
  24.40000    0.25349
  24.50000    0.25309
  24.60000    0.25265
  24.70000    0.25218
  24.80000    0.25166
  24.90000    0.25111
  25.00000    0.25052
  25.10000    0.24989
  25.20000    0.24923
  25.30000    0.24854
  25.40000    0.24781
  25.50000    0.24705
  25.60000    0.24625
  25.70000    0.24543
  25.80000    0.24457
  25.90000    0.24369
  26.00000    0.24278
  26.10000    0.24183
  26.20000    0.24087
  26.30000    0.23987
  26.40000    0.23885
  26.50000    0.23781
  26.60000    0.23674
  26.70000    0.23564
  26.80000    0.23453
  26.90000    0.23339
  27.00000    0.23223
  27.10000    0.23105
  27.20000    0.22985
  27.30000    0.22863
  27.40000    0.22739
  27.50000    0.22614
  27.60000    0.22486
  27.70000    0.22357
  27.80000    0.22227
  27.90000    0.22095
  28.00000    0.21961
  28.10000    0.21826
  28.20000    0.21690
  28.30000    0.21552
  28.40000    0.21413
  28.50000    0.21273
  28.60000    0.21132
  28.70000    0.20990
  28.80000    0.20846
  28.90000    0.20702
  29.00000    0.20557
  29.10000    0.20411
  29.20000    0.20264
  29.30000    0.20117
  29.40000    0.19968
  29.50000    0.19819
  29.60000    0.19670
  29.70000    0.19520
  29.80000    0.19369
  29.90000    0.19218
  30.00000    0.19067
  30.10000    0.18915
  30.20000    0.18763
  30.30000    0.18610
  30.40000    0.18457
  30.50000    0.18304
  30.60000    0.18151
  30.70000    0.17998
  30.80000    0.17844
  30.90000    0.17691
  31.00000    0.17537
  31.10000    0.17384
  31.20000    0.17230
  31.30000    0.17077
  31.40000    0.16924
  31.50000    0.16770
  31.60000    0.16617
  31.70000    0.16465
  31.80000    0.16312
  31.90000    0.16160
  32.00000    0.16008
  32.10000    0.15856
  32.20000    0.15704
  32.30000    0.15553
  32.40000    0.15402
  32.50000    0.15252
  32.60000    0.15102
  32.70000    0.14953
  32.80000    0.14804
  32.90000    0.14655
  33.00000    0.14507
  33.10000    0.14360
  33.20000    0.14213
  33.30000    0.14067
  33.40000    0.13921
  33.50000    0.13776
  33.60000    0.13631
  33.70000    0.13487
  33.80000    0.13344
  33.90000    0.13201
  34.00000    0.13060
  34.10000    0.12918
  34.20000    0.12778
  34.30000    0.12638
  34.40000    0.12499
  34.50000    0.12361
  34.60000    0.12223
  34.70000    0.12087
  34.80000    0.11951
  34.90000    0.11816
  35.00000    0.11681
  35.10000    0.11548
  35.20000    0.11415
  35.30000    0.11283
  35.40000    0.11152
  35.50000    0.11022
  35.60000    0.10892
  35.70000    0.10764
  35.80000    0.10636
  35.90000    0.10509
  36.00000    0.10383
  36.10000    0.10258
  36.20000    0.10134
  36.30000    0.10011
  36.40000    0.09888
  36.50000    0.09767
  36.60000    0.09646
  36.70000    0.09527
  36.80000    0.09408
  36.90000    0.09290
  37.00000    0.09173
  37.10000    0.09057
  37.20000    0.08941
  37.30000    0.08827
  37.40000    0.08714
  37.50000    0.08601
  37.60000    0.08489
  37.70000    0.08379
  37.80000    0.08269
  37.90000    0.08160
  38.00000    0.08052
  38.10000    0.07945
  38.20000    0.07839
  38.30000    0.07733
  38.40000    0.07629
  38.50000    0.07526
  38.60000    0.07423
  38.70000    0.07321
  38.80000    0.07220
  38.90000    0.07120
  39.00000    0.07021
  39.10000    0.06923
  39.20000    0.06826
  39.30000    0.06729
  39.40000    0.06634
  39.50000    0.06539
  39.60000    0.06445
  39.70000    0.06352
  39.80000    0.06260
  39.90000    0.06168
  40.00000    0.06078
  40.10000    0.05988
  40.20000    0.05899
  40.30000    0.05811
  40.40000    0.05724
  40.50000    0.05638
  40.60000    0.05552
  40.70000    0.05467
  40.80000    0.05383
  40.90000    0.05300
  41.00000    0.05218
  41.10000    0.05136
  41.20000    0.05055
  41.30000    0.04975
  41.40000    0.04895
  41.50000    0.04817
  41.60000    0.04739
  41.70000    0.04662
  41.80000    0.04585
  41.90000    0.04510
  42.00000    0.04435
  42.10000    0.04360
  42.20000    0.04287
  42.30000    0.04214
  42.40000    0.04142
  42.50000    0.04070
  42.60000    0.03999
  42.70000    0.03929
  42.80000    0.03860
  42.90000    0.03791
  43.00000    0.03722
  43.10000    0.03655
  43.20000    0.03588
  43.30000    0.03521
  43.40000    0.03456
  43.50000    0.03390
  43.60000    0.03326
  43.70000    0.03262
  43.80000    0.03199
  43.90000    0.03136
  44.00000    0.03073
  44.10000    0.03012
  44.20000    0.02951
  44.30000    0.02890
  44.40000    0.02830
  44.50000    0.02770
  44.60000    0.02711
  44.70000    0.02653
  44.80000    0.02594
  44.90000    0.02537
  45.00000    0.02480
  45.10000    0.02423
  45.20000    0.02367
  45.30000    0.02311
  45.40000    0.02256
  45.50000    0.02201
  45.60000    0.02147
  45.70000    0.02093
  45.80000    0.02039
  45.90000    0.01986
  46.00000    0.01933
  46.10000    0.01881
  46.20000    0.01829
  46.30000    0.01777
  46.40000    0.01726
  46.50000    0.01675
  46.60000    0.01624
  46.70000    0.01574
  46.80000    0.01524
  46.90000    0.01474
  47.00000    0.01425
  47.10000    0.01376
  47.20000    0.01327
  47.30000    0.01279
  47.40000    0.01230
  47.50000    0.01183
  47.60000    0.01135
  47.70000    0.01087
  47.80000    0.01040
  47.90000    0.00993
  48.00000    0.00946
  48.10000    0.00900
  48.20000    0.00853
  48.30000    0.00807
  48.40000    0.00761
  48.50000    0.00715
  48.60000    0.00670
  48.70000    0.00624
  48.80000    0.00579
  48.90000    0.00533
  49.00000    0.00488
  49.10000    0.00443
  49.20000    0.00398
  49.30000    0.00353
  49.40000    0.00309
  49.50000    0.00264
  49.60000    0.00219
  49.70000    0.00175
  49.80000    0.00130
  49.90000    0.00086
  50.00000    0.00041

