 -10.00000    0.00000    0.00000    0.00000    0.00000
  -9.92157    0.00000    0.00000    0.00000    0.00000
  -9.84314    0.00000    0.00000    0.00000    0.00000
  -9.76471    0.00000    0.00000    0.00000    0.00000
  -9.68627    0.00000    0.00000    0.00000    0.00000
  -9.60784    0.00000    0.00000    0.00000    0.00000
  -9.52941    0.00000    0.00000    0.00000    0.00000
  -9.45098    0.00000    0.00000    0.00000    0.00000
  -9.37255    0.00000    0.00000    0.00000    0.00000
  -9.29412    0.00000    0.00000    0.00000    0.00000
  -9.21569    0.00000    0.00000    0.00000    0.00000
  -9.13725    0.00000    0.00000    0.00000    0.00000
  -9.05882    0.00000    0.00000    0.00000    0.00000
  -8.98039    0.00000    0.00000    0.00000    0.00000
  -8.90196    0.00000    0.00000    0.00000    0.00000
  -8.82353    0.00000    0.00000    0.00000    0.00000
  -8.74510    0.00000    0.00000    0.00000    0.00000
  -8.66667    0.00000    0.00000    0.00000    0.00000
  -8.58824    0.00000    0.00000    0.00000    0.00000
  -8.50980    0.00000    0.00000    0.00000    0.00000
  -8.43137    0.00000    0.00000    0.00000    0.00000
  -8.35294    0.00000    0.00000    0.00000    0.00000
  -8.27451    0.00000    0.00000    0.00000    0.00000
  -8.19608    0.00000    0.00000    0.00000    0.00000
  -8.11765    0.00000    0.00000    0.00000    0.00000
  -8.03922    0.00000    0.00000    0.00000    0.00000
  -7.96078    0.00000    0.00000    0.00000    0.00000
  -7.88235    0.00000    0.00000    0.00000    0.00000
  -7.80392    0.00000    0.00000    0.00000    0.00000
  -7.72549    0.00000    0.00000    0.00000    0.00000
  -7.64706    0.00000    0.00000    0.00000    0.00000
  -7.56863    0.00000    0.00000    0.00000    0.00000
  -7.49020    0.00000    0.00000    0.00000    0.00000
  -7.41176    0.00000    0.00000    0.00000    0.00000
  -7.33333    0.00000    0.00000    0.00000    0.00000
  -7.25490    0.00000    0.00000    0.00000    0.00000
  -7.17647    0.00000    0.00000    0.00000    0.00000
  -7.09804    0.00000    0.00000    0.00000    0.00000
  -7.01961    0.00000    0.00000    0.00000    0.00000
  -6.94118    0.00000    0.00000    0.00000    0.00000
  -6.86275    0.00000    0.00000    0.00000    0.00000
  -6.78431    0.00000    0.00000    0.00000    0.00000
  -6.70588    0.00000    0.00000    0.00000    0.00000
  -6.62745    0.00000    0.00000    0.00000    0.00000
  -6.54902    0.00000    0.00000    0.00000    0.00000
  -6.47059    0.00000    0.00000    0.00000    0.00000
  -6.39216    0.00000    0.00000    0.00000    0.00000
  -6.31373    0.00000    0.00000    0.00000    0.00000
  -6.23529    0.00000    0.00000    0.00000    0.00000
  -6.15686    0.00000    0.00000    0.00000    0.00000
  -6.07843    0.00000    0.00000    0.00000    0.00000
  -6.00000    0.00000    0.00000    0.00000    0.00000
  -5.92157    0.00000    0.00000    0.00000    0.00000
  -5.84314    0.00000    0.00000    0.00000    0.00000
  -5.76471    0.00000    0.00000    0.00000    0.00000
  -5.68627    0.00000    0.00000    0.00000    0.00000
  -5.60784    0.00000    0.00000    0.00000    0.00000
  -5.52941    0.00000    0.00000    0.00000    0.00000
  -5.45098    0.00000    0.00000    0.00000    0.00000
  -5.37255    0.00000    0.00000    0.00000    0.00000
  -5.29412    0.00000    0.00000    0.00000    0.00000
  -5.21569    0.00000    0.00000    0.00000    0.00000
  -5.13725    0.00000    0.00000    0.00000    0.00000
  -5.05882    0.00001    0.00000    0.00000    0.00000
  -4.98039    0.00001    0.00000    0.00000    0.00000
  -4.90196    0.00001    0.00000    0.00000    0.00000
  -4.82353    0.00002    0.00000    0.00000    0.00000
  -4.74510    0.00003    0.00000    0.00000    0.00000
  -4.66667    0.00004    0.00000    0.00000    0.00000
  -4.58824    0.00005    0.00000    0.00000    0.00000
  -4.50980    0.00007    0.00000    0.00000    0.00000
  -4.43137    0.00010    0.00000    0.00000    0.00000
  -4.35294    0.00014    0.00000    0.00000    0.00000
  -4.27451    0.00020    0.00000    0.00000    0.00000
  -4.19608    0.00027    0.00000    0.00000    0.00000
  -4.11765    0.00037    0.00000    0.00000    0.00000
  -4.03922    0.00050    0.00000    0.00000    0.00000
  -3.96078    0.00068    0.00000    0.00000    0.00000
  -3.88235    0.00091    0.00000    0.00000    0.00000
  -3.80392    0.00122    0.00000    0.00000    0.00000
  -3.72549    0.00162    0.00000    0.00000    0.00000
  -3.64706    0.00213    0.00000    0.00000    0.00000
  -3.56863    0.00278    0.00000    0.00001    0.00000
  -3.49020    0.00362    0.00000    0.00001    0.00000
  -3.41176    0.00468    0.00000    0.00002    0.00000
  -3.33333    0.00600    0.00000    0.00004    0.00000
  -3.25490    0.00766    0.00000    0.00006    0.00000
  -3.17647    0.00970    0.00000    0.00009    0.00000
  -3.09804    0.01221    0.00000    0.00015    0.00000
  -3.01961    0.01527    0.00000    0.00023    0.00000
  -2.94118    0.01898    0.00000    0.00036    0.00000
  -2.86275    0.02342    0.00000    0.00055    0.00000
  -2.78431    0.02872    0.00000    0.00082    0.00000
  -2.70588    0.03498    0.00000    0.00122    0.00000
  -2.62745    0.04232    0.00000    0.00179    0.00000
  -2.54902    0.05087    0.00000    0.00259    0.00000
  -2.47059    0.06074    0.00000    0.00369    0.00000
  -2.39216    0.07203    0.00000    0.00519    0.00000
  -2.31373    0.08485    0.00000    0.00720    0.00000
  -2.23529    0.09928    0.00000    0.00986    0.00000
  -2.15686    0.11538    0.00000    0.01331    0.00000
  -2.07843    0.13318    0.00000    0.01774    0.00000
  -2.00000    0.15270    0.00000    0.02332    0.00000
  -1.92157    0.17390    0.00000    0.03024    0.00000
  -1.84314    0.19671    0.00000    0.03869    0.00000
  -1.76471    0.22103    0.00000    0.04885    0.00000
  -1.68627    0.24670    0.00000    0.06086    0.00000
  -1.60784    0.27356    0.00000    0.07483    0.00000
  -1.52941    0.30136    0.00000    0.09082    0.00000
  -1.45098    0.32988    0.00000    0.10882    0.00000
  -1.37255    0.35883    0.00000    0.12876    0.00000
  -1.29412    0.38793    0.00000    0.15049    0.00000
  -1.21569    0.41689    0.00000    0.17380    0.00000
  -1.13725    0.44541    0.00000    0.19839    0.00000
  -1.05882    0.47321    0.00000    0.22393    0.00000
  -0.98039    0.50001    0.00000    0.25001    0.00000
  -0.90196    0.52558    0.00000    0.27623    0.00000
  -0.82353    0.54967    0.00000    0.30214    0.00000
  -0.74510    0.57210    0.00000    0.32730    0.00000
  -0.66667    0.59268    0.00000    0.35127    0.00000
  -0.58824    0.61128    0.00000    0.37366    0.00000
  -0.50980    0.62777    0.00000    0.39409    0.00000
  -0.43137    0.64205    0.00000    0.41223    0.00000
  -0.35294    0.65405    0.00000    0.42779    0.00000
  -0.27451    0.66372    0.00000    0.44052    0.00000
  -0.19608    0.67100    0.00000    0.45024    0.00000
  -0.11765    0.67587    0.00000    0.45680    0.00000
  -0.03922    0.67831    0.00000    0.46010    0.00000
   0.03922    0.67831    0.00000    0.46010    0.00000
   0.11765    0.67587    0.00000    0.45680    0.00000
   0.19608    0.67100    0.00000    0.45024    0.00000
   0.27451    0.66372    0.00000    0.44052    0.00000
   0.35294    0.65405    0.00000    0.42779    0.00000
   0.43137    0.64205    0.00000    0.41223    0.00000
   0.50980    0.62777    0.00000    0.39409    0.00000
   0.58824    0.61128    0.00000    0.37366    0.00000
   0.66667    0.59268    0.00000    0.35127    0.00000
   0.74510    0.57210    0.00000    0.32730    0.00000
   0.82353    0.54967    0.00000    0.30214    0.00000
   0.90196    0.52558    0.00000    0.27623    0.00000
   0.98039    0.50001    0.00000    0.25001    0.00000
   1.05882    0.47321    0.00000    0.22393    0.00000
   1.13725    0.44541    0.00000    0.19839    0.00000
   1.21569    0.41689    0.00000    0.17380    0.00000
   1.29412    0.38793    0.00000    0.15049    0.00000
   1.37255    0.35883    0.00000    0.12876    0.00000
   1.45098    0.32988    0.00000    0.10882    0.00000
   1.52941    0.30136    0.00000    0.09082    0.00000
   1.60784    0.27356    0.00000    0.07483    0.00000
   1.68627    0.24670    0.00000    0.06086    0.00000
   1.76471    0.22103    0.00000    0.04885    0.00000
   1.84314    0.19671    0.00000    0.03869    0.00000
   1.92157    0.17390    0.00000    0.03024    0.00000
   2.00000    0.15270    0.00000    0.02332    0.00000
   2.07843    0.13318    0.00000    0.01774    0.00000
   2.15686    0.11538    0.00000    0.01331    0.00000
   2.23529    0.09928    0.00000    0.00986    0.00000
   2.31373    0.08485    0.00000    0.00720    0.00000
   2.39216    0.07203    0.00000    0.00519    0.00000
   2.47059    0.06074    0.00000    0.00369    0.00000
   2.54902    0.05087    0.00000    0.00259    0.00000
   2.62745    0.04232    0.00000    0.00179    0.00000
   2.70588    0.03498    0.00000    0.00122    0.00000
   2.78431    0.02872    0.00000    0.00082    0.00000
   2.86275    0.02342    0.00000    0.00055    0.00000
   2.94118    0.01898    0.00000    0.00036    0.00000
   3.01961    0.01527    0.00000    0.00023    0.00000
   3.09804    0.01221    0.00000    0.00015    0.00000
   3.17647    0.00970    0.00000    0.00009    0.00000
   3.25490    0.00766    0.00000    0.00006    0.00000
   3.33333    0.00600    0.00000    0.00004    0.00000
   3.41176    0.00468    0.00000    0.00002    0.00000
   3.49020    0.00362    0.00000    0.00001    0.00000
   3.56863    0.00278    0.00000    0.00001    0.00000
   3.64706    0.00213    0.00000    0.00000    0.00000
   3.72549    0.00162    0.00000    0.00000    0.00000
   3.80392    0.00122    0.00000    0.00000    0.00000
   3.88235    0.00091    0.00000    0.00000    0.00000
   3.96078    0.00068    0.00000    0.00000    0.00000
   4.03922    0.00050    0.00000    0.00000    0.00000
   4.11765    0.00037    0.00000    0.00000    0.00000
   4.19608    0.00027    0.00000    0.00000    0.00000
   4.27451    0.00020    0.00000    0.00000    0.00000
   4.35294    0.00014    0.00000    0.00000    0.00000
   4.43137    0.00010    0.00000    0.00000    0.00000
   4.50980    0.00007    0.00000    0.00000    0.00000
   4.58824    0.00005    0.00000    0.00000    0.00000
   4.66667    0.00004    0.00000    0.00000    0.00000
   4.74510    0.00003    0.00000    0.00000    0.00000
   4.82353    0.00002    0.00000    0.00000    0.00000
   4.90196    0.00001    0.00000    0.00000    0.00000
   4.98039    0.00001    0.00000    0.00000    0.00000
   5.05882    0.00001    0.00000    0.00000    0.00000
   5.13725    0.00000    0.00000    0.00000    0.00000
   5.21569    0.00000    0.00000    0.00000    0.00000
   5.29412    0.00000    0.00000    0.00000    0.00000
   5.37255    0.00000    0.00000    0.00000    0.00000
   5.45098    0.00000    0.00000    0.00000    0.00000
   5.52941    0.00000    0.00000    0.00000    0.00000
   5.60784    0.00000    0.00000    0.00000    0.00000
   5.68627    0.00000    0.00000    0.00000    0.00000
   5.76471    0.00000    0.00000    0.00000    0.00000
   5.84314    0.00000    0.00000    0.00000    0.00000
   5.92157    0.00000    0.00000    0.00000    0.00000
   6.00000    0.00000    0.00000    0.00000    0.00000
   6.07843    0.00000    0.00000    0.00000    0.00000
   6.15686    0.00000    0.00000    0.00000    0.00000
   6.23529    0.00000    0.00000    0.00000    0.00000
   6.31373    0.00000    0.00000    0.00000    0.00000
   6.39216    0.00000    0.00000    0.00000    0.00000
   6.47059    0.00000    0.00000    0.00000    0.00000
   6.54902    0.00000    0.00000    0.00000    0.00000
   6.62745    0.00000    0.00000    0.00000    0.00000
   6.70588    0.00000    0.00000    0.00000    0.00000
   6.78431    0.00000    0.00000    0.00000    0.00000
   6.86275    0.00000    0.00000    0.00000    0.00000
   6.94118    0.00000    0.00000    0.00000    0.00000
   7.01961    0.00000    0.00000    0.00000    0.00000
   7.09804    0.00000    0.00000    0.00000    0.00000
   7.17647    0.00000    0.00000    0.00000    0.00000
   7.25490    0.00000    0.00000    0.00000    0.00000
   7.33333    0.00000    0.00000    0.00000    0.00000
   7.41176    0.00000    0.00000    0.00000    0.00000
   7.49020    0.00000    0.00000    0.00000    0.00000
   7.56863    0.00000    0.00000    0.00000    0.00000
   7.64706    0.00000    0.00000    0.00000    0.00000
   7.72549    0.00000    0.00000    0.00000    0.00000
   7.80392    0.00000    0.00000    0.00000    0.00000
   7.88235    0.00000    0.00000    0.00000    0.00000
   7.96078    0.00000    0.00000    0.00000    0.00000
   8.03922    0.00000    0.00000    0.00000    0.00000
   8.11765    0.00000    0.00000    0.00000    0.00000
   8.19608    0.00000    0.00000    0.00000    0.00000
   8.27451    0.00000    0.00000    0.00000    0.00000
   8.35294    0.00000    0.00000    0.00000    0.00000
   8.43137    0.00000    0.00000    0.00000    0.00000
   8.50980    0.00000    0.00000    0.00000    0.00000
   8.58824    0.00000    0.00000    0.00000    0.00000
   8.66667    0.00000    0.00000    0.00000    0.00000
   8.74510    0.00000    0.00000    0.00000    0.00000
   8.82353    0.00000    0.00000    0.00000    0.00000
   8.90196    0.00000    0.00000    0.00000    0.00000
   8.98039    0.00000    0.00000    0.00000    0.00000
   9.05882    0.00000    0.00000    0.00000    0.00000
   9.13725    0.00000    0.00000    0.00000    0.00000
   9.21569    0.00000    0.00000    0.00000    0.00000
   9.29412    0.00000    0.00000    0.00000    0.00000
   9.37255    0.00000    0.00000    0.00000    0.00000
   9.45098    0.00000    0.00000    0.00000    0.00000
   9.52941    0.00000    0.00000    0.00000    0.00000
   9.60784    0.00000    0.00000    0.00000    0.00000
   9.68627    0.00000    0.00000    0.00000    0.00000
   9.76471    0.00000    0.00000    0.00000    0.00000
   9.84314    0.00000    0.00000    0.00000    0.00000
   9.92157    0.00000    0.00000    0.00000    0.00000
  10.00000    0.00000    0.00000    0.00000    0.00000

