   4.0000000000000001E-002   5.4990412835998223E-008
   8.0000000000000002E-002   9.1148210183600527E-007
  0.12000000000000000        4.8349295106305404E-006
  0.16000000000000000        1.5848098433020247E-005
  0.20000000000000001        3.9743233361490568E-005
  0.23999999999999999        8.3965957976979644E-005
  0.28000000000000003        1.5739771998558760E-004
  0.32000000000000001        2.7006144863578221E-004
  0.35999999999999999        4.3277307006842064E-004
  0.40000000000000002        6.5675974946532241E-004
  0.44000000000000000        9.5326387647239139E-004
  0.47999999999999998        1.3331497573115295E-003
  0.52000000000000002        1.8065277412973376E-003
  0.56000000000000005        2.3824081538486070E-003
  0.59999999999999998        3.0683950051475697E-003
  0.64000000000000001        3.8704270630688332E-003
  0.68000000000000005        4.7925715824577494E-003
  0.71999999999999997        5.8368738216663255E-003
  0.76000000000000001        7.0032634920628566E-003
  0.80000000000000004        8.2895175071826237E-003
  0.83999999999999997        9.6912768456435990E-003
  0.88000000000000000        1.1202114027481575E-002
  0.92000000000000004        1.2813646630982303E-002
  0.95999999999999996        1.4515691443552718E-002
   1.0000000000000000        1.6296453237284292E-002
   1.0400000000000000        1.8142741774702403E-002
   1.0800000000000001        2.0040210466284472E-002
   1.1200000000000001        2.1973610099568976E-002
   1.1599999999999999        2.3927051219102460E-002
   1.2000000000000000        2.5884269035029030E-002
   1.2400000000000000        2.7828885153271032E-002
   1.2800000000000000        2.9744660929520061E-002
   1.3200000000000001        3.1615737830746435E-002
   1.3600000000000001        3.3426860820675038E-002
   1.4000000000000001        3.5163581449958306E-002
   1.4399999999999999        3.6812438009451921E-002
   1.4800000000000000        3.8361110779601165E-002
   1.5200000000000000        3.9798551065915379E-002
   1.5600000000000001        4.1115083337204691E-002
   1.6000000000000001        4.2302480369051404E-002
   1.6400000000000001        4.3354011831273243E-002
   1.6799999999999999        4.4264467238206692E-002
   1.7200000000000000        4.5030154599732419E-002
   1.7600000000000000        4.5648876466068120E-002
   1.8000000000000000        4.6119885349137808E-002
   1.8400000000000001        4.6443820727970597E-002
   1.8800000000000001        4.6622630006611938E-002
   1.9199999999999999        4.6659475893205390E-002
   1.9600000000000000        4.6558632711916501E-002
   2.0000000000000000        4.6325374149823066E-002
   2.0400000000000000        4.5965854883981652E-002
   2.0800000000000001        4.5486988435289373E-002
   2.1200000000000001        4.4896323461489543E-002
   2.1600000000000001        4.4201920537852477E-002
   2.2000000000000002        4.3412231286840984E-002
   2.2400000000000002        4.2535981513454064E-002
   2.2800000000000002        4.1582059786703908E-002
   2.3199999999999998        4.0559412685247598E-002
   2.3599999999999999        3.9476947701557283E-002
   2.3999999999999999        3.8343444578701029E-002
   2.4399999999999999        3.7167475640798392E-002
   2.4800000000000000        3.5957335475938275E-002
   2.5200000000000000        3.4720980141636271E-002
   2.5600000000000001        3.3465975890046788E-002
   2.6000000000000001        3.2199457254829020E-002
   2.6400000000000001        3.0928094204962481E-002
   2.6800000000000002        2.9658067953575888E-002
   2.7200000000000002        2.8395054912184772E-002
   2.7600000000000002        2.7144218202400178E-002
   2.8000000000000003        2.5910206077577998E-002
   2.8399999999999999        2.4697156565115744E-002
   2.8799999999999999        2.3508707615003763E-002
   2.9199999999999999        2.2348012030416607E-002
   2.9600000000000000        2.1217756460065202E-002
   3.0000000000000000        2.0120183748086433E-002
   3.0400000000000000        1.9057117963733983E-002
   3.0800000000000001        1.8029991468348314E-002
   3.1200000000000001        1.7039873419348289E-002
   3.1600000000000001        1.6087499158673059E-002
   3.2000000000000002        1.5173299984679797E-002
   3.2400000000000002        1.4297432860528687E-002
   3.2800000000000002        1.3459809667261511E-002
   3.3200000000000003        1.2660125664929149E-002
   3.3599999999999999        1.1897886879218918E-002
   3.3999999999999999        1.1172436183198067E-002
   3.4399999999999999        1.0482977893296198E-002
   3.4800000000000000        9.8286007449086797E-003
   3.5200000000000000        9.2082991555744176E-003
   3.5600000000000001        8.6209927222449245E-003
   3.6000000000000001        8.0655439335280237E-003
   3.6400000000000001        7.5407741078702831E-003
   3.6800000000000002        7.0454775944494641E-003
   3.7200000000000002        6.5784342951784279E-003
   3.7600000000000002        6.1384205838380355E-003
   3.8000000000000003        5.7242187121832565E-003
   3.8399999999999999        5.3346248031720485E-003
   3.8799999999999999        4.9684555385516235E-003
   3.9199999999999999        4.6245536522256615E-003
   3.9600000000000000        4.3017923424550275E-003
   4.0000000000000000        3.9990787153551402E-003
   4.0400000000000000        3.7153563696792954E-003
   4.0800000000000001        3.4496072288470649E-003
   4.1200000000000001        3.2008527208981980E-003
   4.1600000000000001        2.9681544008158499E-003
   4.2000000000000002        2.7506141027346265E-003
   4.2400000000000002        2.5473737021684583E-003
   4.2800000000000002        2.3576145607756937E-003
   4.3200000000000003        2.1805567185085185E-003
   4.3600000000000003        2.0154578904304312E-003
   4.4000000000000004        1.8616123181602149E-003
   4.4400000000000004        1.7183495189203920E-003
   4.4800000000000004        1.5850329686146977E-003
   4.5200000000000005        1.4610587492933026E-003
   4.5600000000000005        1.3458541858264741E-003
   4.6000000000000005        1.2388764916203825E-003
   4.6399999999999997        1.1396114387798048E-003
   4.6799999999999997        1.0475720642460721E-003
   4.7199999999999998        9.6229742009783692E-004
   4.7599999999999998        8.8335137337178975E-004
   4.7999999999999998        8.1032145840794498E-004
   4.8399999999999999        7.4281778281228819E-004
   4.8799999999999999        6.8047198661766494E-004
   4.9199999999999999        6.2293625306948023E-004
   4.9600000000000000        5.6988236862275555E-004
   5.0000000000000000        5.2100082916890951E-004
   5.0400000000000000        4.7599998917283165E-004
   5.0800000000000001        4.3460525025442544E-004
   5.1200000000000001        3.9655828575713256E-004
   5.1600000000000001        3.6161629797563564E-004
   5.2000000000000002        3.2955130493575045E-004
   5.2400000000000002        3.0014945390469518E-004
   5.2800000000000002        2.7321035913627749E-004
   5.3200000000000003        2.4854646170319200E-004
   5.3600000000000003        2.2598240962104220E-004
   5.4000000000000004        2.0535445681249350E-004
   5.4400000000000004        1.8650987978460353E-004
   5.4800000000000004        1.6930641118997092E-004
   5.5200000000000005        1.5361168970735766E-004
   5.5600000000000005        1.3930272590638587E-004
   5.6000000000000005        1.2626538395214297E-004
   5.6399999999999997        1.1439387915880262E-004
   5.6799999999999997        1.0359029151774908E-004
   5.7199999999999998        9.3764095407178027E-005
   5.7599999999999998        8.4831705739470405E-005
   5.7999999999999998        7.6716040823086707E-005
   5.8399999999999999        6.9346102210913042E-005
   5.8799999999999999        6.2656571780685818E-005
   5.9199999999999999        5.6587426249186763E-005
   5.9600000000000000        5.1083569264056133E-005
   6.0000000000000000        4.6094481148915939E-005
   6.0400000000000000        4.1573886302370833E-005
   6.0800000000000001        3.7479438172391963E-005
   6.1200000000000001        3.3772421647315283E-005
   6.1600000000000001        3.0417472625550259E-005
   6.2000000000000002        2.7382314450105219E-005
   6.2400000000000002        2.4637510822828733E-005
   6.2800000000000002        2.2156234748140102E-005
   6.3200000000000003        1.9914052997948162E-005
   6.3600000000000003        1.7888725539103086E-005
   6.4000000000000004        1.6060019322483584E-005
   6.4400000000000004        1.4409535798847090E-005
   6.4800000000000004        1.2920551500798466E-005
   6.5200000000000005        1.1577871012433343E-005
   6.5600000000000005        1.0367691637993428E-005
   6.6000000000000005        9.2774790777384255E-006
   6.6400000000000006        8.2958534225993464E-006
   6.6799999999999997        7.4124847883850019E-006
   6.7199999999999998        6.6179979246744242E-006
   6.7599999999999998        5.9038851523408061E-006
   6.7999999999999998        5.2624270062098716E-006
   6.8399999999999999        4.6866199849696535E-006
   6.8799999999999999        4.1701108384586368E-006
   6.9199999999999999        3.7071368522436019E-006
   6.9600000000000000        3.2924716203815267E-006
   7.0000000000000000        2.9213758289177006E-006
   7.0400000000000000        2.5895526045356418E-006
   7.0800000000000001        2.2931070144309631E-006
   7.1200000000000001        2.0285093345755876E-006
   7.1600000000000001        1.7925617337701048E-006
   7.2000000000000002        1.5823680500050729E-006
   7.2400000000000002        1.3953063634698912E-006
   7.2800000000000002        1.2290040969124745E-006
   7.3200000000000003        1.0813153988581400E-006
   7.3600000000000003        9.5030058837480609E-007
   7.4000000000000004        8.3420746159123689E-007
   7.4400000000000004        7.3145428003215693E-007
   7.4800000000000004        6.4061427905124621E-007
   7.5200000000000005        5.6040155126368864E-007
   7.5600000000000005        4.8965817496477503E-007
   7.6000000000000005        4.2734247114416244E-007
   7.6400000000000006        3.7251828495106360E-007
   7.6799999999999997        3.2434519842500361E-007
   7.7199999999999998        2.8206959107535045E-007
   7.7599999999999998        2.4501647356811688E-007
   7.7999999999999998        2.1258202745765646E-007
   7.8399999999999999        1.8422679067956268E-007
   7.8799999999999999        1.5946943449147136E-007
   7.9199999999999999        1.3788108279869325E-007
   7.9600000000000000        1.1908012941450321E-007
   8.0000000000000000        1.0272751285774051E-007
   8.0400000000000009        8.8522411854130566E-008
   8.0800000000000001        7.6198327847299511E-008
   8.1200000000000010        6.5519523599154324E-008
   8.1600000000000001        5.6277789419398807E-008
   8.1999999999999993        4.8289510756482280E-008
   8.2400000000000002        4.1393012847640716E-008
   8.2799999999999994        3.5446159898710083E-008
   8.3200000000000003        3.0324187874991874E-008
   8.3599999999999994        2.5917751457863909E-008
   8.4000000000000004        2.2131167079143237E-008
   8.4399999999999995        1.8880835203847143E-008
   8.4800000000000004        1.6093826206044026E-008
   8.5199999999999996        1.3706615283283429E-008
   8.5600000000000005        1.1663952891481460E-008
   8.5999999999999996        9.9178581610036827E-009
   8.6400000000000006        8.4267236811795743E-009
   8.6799999999999997        7.1545209184570966E-009
   8.7200000000000006        6.0700963656176026E-009
   8.7599999999999998        5.1465493079086630E-009
   8.8000000000000007        4.3606828379932558E-009
   8.8399999999999999        3.6925204562701987E-009
   8.8800000000000008        3.1248812571422617E-009
   8.9199999999999999        2.6430073258511820E-009
   8.9600000000000009        2.2342375551849078E-009
   9.0000000000000000        1.8877226373837890E-009
   9.0400000000000009        1.5941764947132227E-009
   9.0800000000000001        1.3456598833609254E-009
   9.1200000000000010        1.1353923406290399E-009
   9.1600000000000001        9.5758904605677512E-010
   9.2000000000000011        8.0731953449743665E-010
   9.2400000000000002        6.8038553478785953E-010
   9.2799999999999994        5.7321551309371470E-010
   9.3200000000000003        4.8277377698419271E-010
   9.3599999999999994        4.0648224653053348E-010
   9.4000000000000004        3.4215322401598522E-010
   9.4399999999999995        2.8793169597681139E-010
   9.4800000000000004        2.4224588203654867E-010
   9.5199999999999996        2.0376490608533273E-010
   9.5600000000000005        1.7136260847567807E-010
   9.5999999999999996        1.4408664467203916E-010
   9.6400000000000006        1.2113212774130918E-010
   9.6799999999999997        1.0181917065636686E-010
   9.7200000000000006        8.5573770963287909E-011
   9.7599999999999998        7.1911556198116885E-011
   9.8000000000000007        6.0423974697293782E-011
   9.8399999999999999        5.0766574197386125E-011
   9.8800000000000008        4.2649060841087234E-011
   9.9199999999999999        3.5826874783665651E-011
   9.9600000000000009        3.0094056327005827E-011
   10.000000000000000        2.5277209115854707E-011
   10.040000000000001        2.1230395055644387E-011
   10.080000000000000        1.7830819825929743E-011
   10.120000000000001        1.4975188675986583E-011
   10.160000000000000        1.2576630048508453E-011
   10.200000000000001        1.0562099879079656E-011
   10.240000000000000        8.8701925104479782E-012
   10.279999999999999        7.4492953454715702E-012
   10.320000000000000        6.2560339062351463E-012
   10.359999999999999        5.2539621000739543E-012
   10.400000000000000        4.4124594165537004E-012
   10.440000000000000        3.7058026664266968E-012
   10.480000000000000        3.1123848742300719E-012
   10.520000000000000        2.6140581798872650E-012
   10.560000000000000        2.1955812027497080E-012
   10.600000000000000        1.8441543696254106E-012
   10.640000000000001        1.5490292885023073E-012
   10.680000000000000        1.3011804321165710E-012
   10.720000000000001        1.0930292402681286E-012
   10.760000000000000        9.1821230809763664E-013
   10.800000000000001        7.7138664309488981E-013
   10.840000000000000        6.4806608360778033E-013
   10.880000000000001        5.4448390769429830E-013
   10.920000000000000        4.5747745018230359E-013
   10.960000000000001        3.8439121057647755E-013
   11.000000000000000        3.2299549431484885E-013
   11.040000000000001        2.7141810120589224E-013
   11.080000000000000        2.2808697153371571E-013
   11.120000000000001        1.9168203402637713E-013
   11.160000000000000        1.6109478054860666E-013
   11.200000000000001        1.3539432837245571E-013
   11.240000000000000        1.1379892926020628E-013
   11.279999999999999        9.5652051320595172E-014
   11.320000000000000        8.0402299694907748E-014
   11.359999999999999        6.7586559826366268E-014
   11.400000000000000        5.6815845929666494E-014
   11.440000000000000        4.7763420309341687E-014
   11.480000000000000        4.0154818902128837E-014
   11.520000000000000        3.3759476965384398E-014
   11.560000000000000        2.8383697988509504E-014
   11.600000000000000        2.3864750170580397E-014
   11.640000000000001        2.0065909448495399E-014
   11.680000000000000        1.6872297137925774E-014
   11.720000000000001        1.4187384656424923E-014
   11.760000000000000        1.1930058283793735E-014
   11.800000000000001        1.0032154108743172E-014
   11.840000000000000        8.4363877417550580E-015
   11.880000000000001        7.0946154857055494E-015
   11.920000000000000        5.9663738210074898E-015
   11.960000000000001        5.0176525935866430E-015
   12.000000000000000        4.2198644545710702E-015
   12.040000000000001        3.5489791105504317E-015
   12.080000000000000        2.9847959876580844E-015
   12.120000000000001        2.5103331467881806E-015
   12.160000000000000        2.1113138412771466E-015
   12.200000000000001        1.7757350916822441E-015
   12.240000000000000        1.4935051566312923E-015
   12.280000000000001        1.2561388810805161E-015
   12.320000000000000        1.0565016683121854E-015
   12.359999999999999        8.8859430383634509E-016
   12.400000000000000        7.4737210352787705E-016
   12.440000000000000        6.2859290300361146E-016
   12.480000000000000        5.2868928246104107E-016
   12.520000000000000        4.4466115784513730E-016
   12.560000000000000        3.7398548784444775E-016
   12.600000000000000        3.1454036577858127E-016
   12.640000000000001        2.6454120181880065E-016
   12.680000000000000        2.2248706752120589E-016
   12.720000000000001        1.8711558254462012E-016
   12.760000000000000        1.5736498207191316E-016
   12.800000000000001        1.3234222074359256E-016
   12.840000000000000        1.1129615147033766E-016
   12.880000000000001        9.3594970877338165E-017
   12.920000000000000        7.8707252017376170E-017
   12.960000000000001        6.6185993291643714E-017
   13.000000000000000        5.5655203529785129E-017
   13.040000000000001        4.6798619667928669E-017
   13.080000000000000        3.9350217747539768E-017
   13.120000000000001        3.3086231988599797E-017
   13.160000000000000        2.7818442105968999E-017
   13.200000000000001        2.3388527213466632E-017
   13.240000000000000        1.9663316752067370E-017
   13.280000000000001        1.6530795857490712E-017
   13.320000000000000        1.3896745264152437E-017
   13.359999999999999        1.1681914912282132E-017
   13.400000000000000        9.8196464589165641E-018
   13.440000000000000        8.2538733753622807E-018
   13.480000000000000        6.9374386502651336E-018
   13.520000000000000        5.8306796504250049E-018
   13.560000000000000        4.9002377081634637E-018
   13.600000000000000        4.1180567458729397E-018
   13.640000000000001        3.4605409182573977E-018
   13.680000000000000        2.9078460213338857E-018
   13.720000000000001        2.4432834279047472E-018
   13.760000000000000        2.0528186825024406E-018
   13.800000000000001        1.7246497261165208E-018
   13.840000000000000        1.4488521075648728E-018
   13.880000000000001        1.2170805458264198E-018
   13.920000000000000        1.0223178962701225E-018
   13.960000000000001        8.5866399416380967E-019
   14.000000000000000        7.2115804373734427E-019
   14.040000000000001        6.0562922624281197E-019
   14.080000000000000        5.0857104603584785E-019
   14.120000000000001        4.2703564504373327E-019
   14.160000000000000        3.5854491440628418E-019
   14.200000000000001        3.0101573550375097E-019
   14.240000000000000        2.5269710610545014E-019
   14.280000000000001        2.1211726366857763E-019
   14.320000000000000        1.7803921756049889E-019
   14.359999999999999        1.4942335414581962E-019
   14.400000000000000        1.2539599082344441E-019
   14.440000000000000        1.0522293357042092E-019
   14.480000000000000        8.8287242693163463E-020
   14.520000000000000        7.4070537797807458E-020
   14.560000000000000        6.2137279252424754E-020
   14.600000000000000        5.2121552806365194E-020
   14.640000000000001        4.3715959232995331E-020
   14.680000000000000        3.6662274123835142E-020
   14.720000000000001        3.0743596179111939E-020
   14.760000000000000        2.5777747106360817E-020
   14.800000000000001        2.1611723895961450E-020
   14.840000000000000        1.8117035918802787E-020
   14.880000000000001        1.5185785935964600E-020
   14.920000000000000        1.2727376522103295E-020
   14.960000000000001        1.0665742255057168E-020
   15.000000000000000        8.9370238794557363E-021
   15.040000000000001        7.4876139874114575E-021
   15.080000000000000        6.2725149748823410E-021
   15.120000000000001        5.2539594646501722E-021
   15.160000000000000        4.4002513193158717E-021
   15.200000000000001        3.6847920385037514E-021
   15.240000000000000        3.0852629440783962E-021
   15.280000000000001        2.5829382742091960E-021
   15.320000000000000        2.1621082734401681E-021
   15.359999999999999        1.8095947008642422E-021
   15.400000000000000        1.5143439824396206E-021
   15.440000000000000        1.2670855908629862E-021
   15.480000000000000        1.0600452182516841E-021
   15.520000000000000        8.8670397293031996E-022
   15.560000000000000        7.4159623210855700E-022
   15.600000000000000        6.2013995944622177E-022
   15.640000000000001        5.1849428596688080E-022
   15.680000000000000        4.3343998440182958E-022
   15.720000000000001        3.6227916595786020E-022
   15.760000000000000        3.0275111585031907E-022
   15.800000000000001        2.5296167750279039E-022
   15.840000000000000        2.1132401003815383E-022
   15.880000000000001        1.7650889214138826E-022
   15.920000000000000        1.4740303813257177E-022
   15.960000000000001        1.2307413803417073E-022
   16.000000000000000        1.0274154002160754E-022
   16.039999999999999        8.5751667190019325E-023
   16.080000000000002        7.1557406333179146E-023
   16.120000000000001        5.9700828850609621E-023
   16.160000000000000        4.9798706706205315E-023
   16.199999999999999        4.1530372691786963E-023
   16.240000000000002        3.4627546736718430E-023
   16.280000000000001        2.8865810864762926E-023
   16.320000000000000        2.4057466492521216E-023
   16.359999999999999        2.0045550653902073E-023
   16.399999999999999        1.6698823735905442E-023
   16.440000000000001        1.3907571526562098E-023
   16.480000000000000        1.1580089733460311E-023
   16.520000000000000        9.6397404100483164E-024
   16.559999999999999        8.0224875811933981E-024
   16.600000000000001        6.6748343390015583E-024
   16.640000000000001        5.5520962462670649E-024
   16.680000000000000        4.6169564258647089E-024
   16.719999999999999        3.8382565554341145E-024
   16.760000000000002        3.1899854012251005E-024
   16.800000000000001        2.6504327424844711E-024
   16.840000000000000        2.2014817509463373E-024
   16.879999999999999        1.8280172605949326E-024
   16.920000000000002        1.5174310266699738E-024
   16.960000000000001        1.2592081438343316E-024
   17.000000000000000        1.0445813671476170E-024
   17.039999999999999        8.6624223624826721E-025
   17.080000000000002        7.1809971026583106E-025
   17.120000000000001        5.9507853496500235E-025
   17.160000000000000        4.9295083185333682E-025
   17.199999999999999        4.0819546122102301E-025
   17.240000000000002        3.3788060066598850E-025
   17.280000000000001        2.7956572555522315E-025
   17.320000000000000        2.3121980153078786E-025
   17.359999999999999        1.9115302124984649E-025
   17.400000000000002        1.5795985453245231E-025
   17.440000000000001        1.3047154679922201E-025
   17.480000000000000        1.0771650669284266E-025
   17.520000000000000        8.8887279800301223E-026
   17.559999999999999        7.3313019559583701E-026
   17.600000000000001        6.0436545561328203E-026
   17.640000000000001        4.9795229251273904E-026
   17.680000000000000        4.1005072286701563E-026
   17.719999999999999        3.3747447504721372E-026
   17.760000000000002        2.7758059977289824E-026
   17.800000000000001        2.2817758765948537E-026
   17.840000000000000        1.8744891100496266E-026
   17.879999999999999        1.5388941758668592E-026
   17.920000000000002        1.2625243066254978E-026
   17.960000000000001        1.0350576547916479E-026
   18.000000000000000        8.4795169921336414E-027
   18.039999999999999        6.9413945145596360E-027
   18.080000000000002        5.6777709200819338E-027
   18.120000000000001        4.6403439504906452E-027
   18.160000000000000        3.7892074265756363E-027
   18.199999999999999        3.0914073229231752E-027
   18.240000000000002        2.5197438453899216E-027
   18.280000000000001        2.0517779451545751E-027
   18.320000000000000        1.6690076750609802E-027
   18.359999999999999        1.3561856040655958E-027
   18.400000000000002        1.1007533464217968E-027
   18.440000000000001        8.9237329449959316E-028
   18.480000000000000        7.2254100208330074E-028
   18.520000000000000        5.8426446067486663E-028
   18.559999999999999        4.7179883829399128E-028
   18.600000000000001        3.8042718659138677E-028
   18.640000000000001        3.0627923291074814E-028
   18.680000000000000        2.4618171359863915E-028
   18.719999999999999        1.9753481869702646E-028
   18.760000000000002        1.5821024395422203E-028
   18.800000000000001        1.2646711537186606E-028
   18.840000000000000        1.0088269053038790E-028
   18.879999999999999        8.0295271591233104E-029
   18.920000000000002        6.3757205394849165E-029
   18.960000000000001        5.0496211646557453E-029
   19.000000000000000        3.9883583453816585E-029
   19.039999999999999        3.1408055977614395E-029
   19.080000000000002        2.4654347448323550E-029
   19.120000000000001        1.9285549564076498E-029
   19.160000000000000        1.5028687401590144E-029
   19.199999999999999        1.1662887468332462E-029
   19.240000000000002        9.0096906036731345E-030
   19.280000000000001        6.9251275794408626E-030
   19.320000000000000        5.2932423520442759E-030
   19.359999999999999        4.0208033834498771E-030
   19.400000000000002        3.0329892733542537E-030
   19.440000000000001        2.2698727867692936E-030
   19.480000000000000        1.6835585951470505E-030
   19.520000000000000        1.2358558153850594E-030
   19.559999999999999        8.9638767532296420E-031
   19.600000000000001        6.4105814039973031E-031
   19.640000000000001        4.5080975336833328E-031
   19.680000000000000        3.1061880517264174E-031
   19.719999999999999        2.0868371552508358E-031
   19.760000000000002        1.3577052479777376E-031
   19.800000000000001        8.4685989426358511E-032
   19.840000000000000        4.9854184069303882E-032
   19.879999999999999        2.6976962457122024E-032
   19.920000000000002        1.2762358226622572E-032
   19.960000000000001        4.7085815144959736E-033
   20.000000000000000        9.3484877879431880E-034
