   0.040000000   0.000047281
   0.080000000   0.000182049
   0.120000000   0.000407188
   0.160000000   0.000721959
   0.200000000   0.001125470
   0.240000000   0.001616674
   0.280000000   0.002194326
   0.320000000   0.002856976
   0.360000000   0.003602956
   0.400000000   0.004430389
   0.440000000   0.005337189
   0.480000000   0.006321060
   0.520000000   0.007379506
   0.560000000   0.008509830
   0.600000000   0.009709144
   0.640000000   0.010974375
   0.680000000   0.012302269
   0.720000000   0.013689400
   0.760000000   0.015132183
   0.800000000   0.016626878
   0.840000000   0.018169606
   0.880000000   0.019756356
   0.920000000   0.021383004
   0.960000000   0.023045318
   1.000000000   0.024738984
   1.040000000   0.026459611
   1.080000000   0.028202755
   1.120000000   0.029963931
   1.160000000   0.031738635
   1.200000000   0.033522362
   1.240000000   0.035310622
   1.280000000   0.037098964
   1.320000000   0.038882993
   1.360000000   0.040658390
   1.400000000   0.042420934
   1.440000000   0.044166522
   1.480000000   0.045891186
   1.520000000   0.047591112
   1.560000000   0.049262665
   1.600000000   0.050902397
   1.640000000   0.052507072
   1.680000000   0.054073678
   1.720000000   0.055599441
   1.760000000   0.057081838
   1.800000000   0.058518612
   1.840000000   0.059907777
   1.880000000   0.061247628
   1.920000000   0.062536748
   1.960000000   0.063774011
   2.000000000   0.064958582
   2.040000000   0.066089921
   2.080000000   0.067167778
   2.120000000   0.068192187
   2.160000000   0.069163465
   2.200000000   0.070082197
   2.240000000   0.070949229
   2.280000000   0.071765654
   2.320000000   0.072532798
   2.360000000   0.073252204
   2.400000000   0.073925613
   2.440000000   0.074554944
   2.480000000   0.075142275
   2.520000000   0.075689823
   2.560000000   0.076199915
   2.600000000   0.076674971
   2.640000000   0.077117477
   2.680000000   0.077529962
   2.720000000   0.077914972
   2.760000000   0.078275049
   2.800000000   0.078612707
   2.840000000   0.078930407
   2.880000000   0.079230538
   2.920000000   0.079515395
   2.960000000   0.079787158
   3.000000000   0.080047878
   3.040000000   0.080299459
   3.080000000   0.080543643
   3.120000000   0.080781997
   3.160000000   0.081015906
   3.200000000   0.081246563
   3.240000000   0.081474961
   3.280000000   0.081701895
   3.320000000   0.081927955
   3.360000000   0.082153531
   3.400000000   0.082378814
   3.440000000   0.082603803
   3.480000000   0.082828312
   3.520000000   0.083051979
   3.560000000   0.083274279
   3.600000000   0.083494535
   3.640000000   0.083711936
   3.680000000   0.083925547
   3.720000000   0.084134332
   3.760000000   0.084337171
   3.800000000   0.084532873
   3.840000000   0.084720204
   3.880000000   0.084897896
   3.920000000   0.085064675
   3.960000000   0.085219275
   4.000000000   0.085360457
   4.040000000   0.085487024
   4.080000000   0.085597844
   4.120000000   0.085691858
   4.160000000   0.085768097
   4.200000000   0.085825692
   4.240000000   0.085863889
   4.280000000   0.085882051
   4.320000000   0.085879671
   4.360000000   0.085856371
   4.400000000   0.085811907
   4.440000000   0.085746170
   4.480000000   0.085659182
   4.520000000   0.085551092
   4.560000000   0.085422175
   4.600000000   0.085272816
   4.640000000   0.085103508
   4.680000000   0.084914835
   4.720000000   0.084707463
   4.760000000   0.084482124
   4.800000000   0.084239603
   4.840000000   0.083980717
   4.880000000   0.083706305
   4.920000000   0.083417207
   4.960000000   0.083114246
   5.000000000   0.082798215
   5.040000000   0.082469856
   5.080000000   0.082129848
   5.120000000   0.081778788
   5.160000000   0.081417180
   5.200000000   0.081045424
   5.240000000   0.080663799
   5.280000000   0.080272460
   5.320000000   0.079871427
   5.360000000   0.079460582
   5.400000000   0.079039665
   5.440000000   0.078608272
   5.480000000   0.078165859
   5.520000000   0.077711744
   5.560000000   0.077245115
   5.600000000   0.076765034
   5.640000000   0.076270453
   5.680000000   0.075760225
   5.720000000   0.075233115
   5.760000000   0.074687820
   5.800000000   0.074122985
   5.840000000   0.073537225
   5.880000000   0.072929138
   5.920000000   0.072297333
   5.960000000   0.071640450
   6.000000000   0.070957176
   6.040000000   0.070246273
   6.080000000   0.069506596
   6.120000000   0.068737112
   6.160000000   0.067936922
   6.200000000   0.067105276
   6.240000000   0.066241593
   6.280000000   0.065345472
   6.320000000   0.064416705
   6.360000000   0.063455290
   6.400000000   0.062461437
   6.440000000   0.061435572
   6.480000000   0.060378343
   6.520000000   0.059290618
   6.560000000   0.058173485
   6.600000000   0.057028244
   6.640000000   0.055856401
   6.680000000   0.054659660
   6.720000000   0.053439905
   6.760000000   0.052199192
   6.800000000   0.050939730
   6.840000000   0.049663863
   6.880000000   0.048374051
   6.920000000   0.047072847
   6.960000000   0.045762882
   7.000000000   0.044446836
   7.040000000   0.043127420
   7.080000000   0.041807355
   7.120000000   0.040489346
   7.160000000   0.039176064
   7.200000000   0.037870127
   7.240000000   0.036574078
   7.280000000   0.035290369
   7.320000000   0.034021346
   7.360000000   0.032769233
   7.400000000   0.031536121
   7.440000000   0.030323954
   7.480000000   0.029134527
   7.520000000   0.027969472
   7.560000000   0.026830258
   7.600000000   0.025718186
   7.640000000   0.024634392
   7.680000000   0.023579840
   7.720000000   0.022555332
   7.760000000   0.021561508
   7.800000000   0.020598853
   7.840000000   0.019667702
   7.880000000   0.018768245
   7.920000000   0.017900542
   7.960000000   0.017064525
   8.000000000   0.016260009
   8.040000000   0.015486705
   8.080000000   0.014744224
   8.120000000   0.014032091
   8.160000000   0.013349754
   8.200000000   0.012696592
   8.240000000   0.012071925
   8.280000000   0.011475024
   8.320000000   0.010905118
   8.360000000   0.010361401
   8.400000000   0.009843043
   8.440000000   0.009349193
   8.480000000   0.008878988
   8.520000000   0.008431559
   8.560000000   0.008006033
   8.600000000   0.007601541
   8.640000000   0.007217220
   8.680000000   0.006852221
   8.720000000   0.006505704
   8.760000000   0.006176850
   8.800000000   0.005864855
   8.840000000   0.005568940
   8.880000000   0.005288346
   8.920000000   0.005022337
   8.960000000   0.004770202
   9.000000000   0.004531258
   9.040000000   0.004304842
   9.080000000   0.004090322
   9.120000000   0.003887089
   9.160000000   0.003694561
   9.200000000   0.003512181
   9.240000000   0.003339415
   9.280000000   0.003175757
   9.320000000   0.003020723
   9.360000000   0.002873851
   9.400000000   0.002734704
   9.440000000   0.002602866
   9.480000000   0.002477941
   9.520000000   0.002359555
   9.560000000   0.002247351
   9.600000000   0.002140994
   9.640000000   0.002040163
   9.680000000   0.001944557
   9.720000000   0.001853891
   9.760000000   0.001767894
   9.800000000   0.001686311
   9.840000000   0.001608901
   9.880000000   0.001535435
   9.920000000   0.001465698
   9.960000000   0.001399488
  10.000000000   0.001336611
  10.040000000   0.001276887
  10.080000000   0.001220144
  10.120000000   0.001166222
  10.160000000   0.001114967
  10.200000000   0.001066237
  10.240000000   0.001019895
  10.280000000   0.000975814
  10.320000000   0.000933873
  10.360000000   0.000893958
  10.400000000   0.000855961
  10.440000000   0.000819782
  10.480000000   0.000785323
  10.520000000   0.000752496
  10.560000000   0.000721215
  10.600000000   0.000691398
  10.640000000   0.000662972
  10.680000000   0.000635862
  10.720000000   0.000610003
  10.760000000   0.000585329
  10.800000000   0.000561780
  10.840000000   0.000539300
  10.880000000   0.000517834
  10.920000000   0.000497332
  10.960000000   0.000477744
  11.000000000   0.000459026
  11.040000000   0.000441135
  11.080000000   0.000424029
  11.120000000   0.000407670
  11.160000000   0.000392022
  11.200000000   0.000377050
  11.240000000   0.000362721
  11.280000000   0.000349004
  11.320000000   0.000335871
  11.360000000   0.000323293
  11.400000000   0.000311243
  11.440000000   0.000299698
  11.480000000   0.000288634
  11.520000000   0.000278027
  11.560000000   0.000267857
  11.600000000   0.000258103
  11.640000000   0.000248747
  11.680000000   0.000239770
  11.720000000   0.000231155
  11.760000000   0.000222885
  11.800000000   0.000214945
  11.840000000   0.000207321
  11.880000000   0.000199998
  11.920000000   0.000192963
  11.960000000   0.000186203
  12.000000000   0.000179706
  12.040000000   0.000173460
  12.080000000   0.000167455
  12.120000000   0.000161681
  12.160000000   0.000156127
  12.200000000   0.000150784
  12.240000000   0.000145642
  12.280000000   0.000140695
  12.320000000   0.000135932
  12.360000000   0.000131347
  12.400000000   0.000126932
  12.440000000   0.000122680
  12.480000000   0.000118584
  12.520000000   0.000114639
  12.560000000   0.000110837
  12.600000000   0.000107172
  12.640000000   0.000103641
  12.680000000   0.000100236
  12.720000000   0.000096953
  12.760000000   0.000093787
  12.800000000   0.000090734
  12.840000000   0.000087788
  12.880000000   0.000084946
  12.920000000   0.000082204
  12.960000000   0.000079557
  13.000000000   0.000077003
  13.040000000   0.000074537
  13.080000000   0.000072156
  13.120000000   0.000069857
  13.160000000   0.000067636
  13.200000000   0.000065491
  13.240000000   0.000063419
  13.280000000   0.000061417
  13.320000000   0.000059483
  13.360000000   0.000057614
  13.400000000   0.000055807
  13.440000000   0.000054060
  13.480000000   0.000052372
  13.520000000   0.000050739
  13.560000000   0.000049160
  13.600000000   0.000047633
  13.640000000   0.000046156
  13.680000000   0.000044728
  13.720000000   0.000043346
  13.760000000   0.000042008
  13.800000000   0.000040714
  13.840000000   0.000039462
  13.880000000   0.000038249
  13.920000000   0.000037076
  13.960000000   0.000035940
  14.000000000   0.000034840
  14.040000000   0.000033775
  14.080000000   0.000032744
  14.120000000   0.000031745
  14.160000000   0.000030778
  14.200000000   0.000029841
  14.240000000   0.000028933
  14.280000000   0.000028054
  14.320000000   0.000027202
  14.360000000   0.000026376
  14.400000000   0.000025576
  14.440000000   0.000024800
  14.480000000   0.000024049
  14.520000000   0.000023320
  14.560000000   0.000022614
  14.600000000   0.000021929
  14.640000000   0.000021265
  14.680000000   0.000020621
  14.720000000   0.000019997
  14.760000000   0.000019391
  14.800000000   0.000018804
  14.840000000   0.000018235
  14.880000000   0.000017682
  14.920000000   0.000017146
  14.960000000   0.000016627
  15.000000000   0.000016122
  15.040000000   0.000015633
  15.080000000   0.000015158
  15.120000000   0.000014697
  15.160000000   0.000014250
  15.200000000   0.000013816
  15.240000000   0.000013395
  15.280000000   0.000012986
  15.320000000   0.000012589
  15.360000000   0.000012204
  15.400000000   0.000011830
  15.440000000   0.000011467
  15.480000000   0.000011115
  15.520000000   0.000010773
  15.560000000   0.000010441
  15.600000000   0.000010118
  15.640000000   0.000009805
  15.680000000   0.000009501
  15.720000000   0.000009206
  15.760000000   0.000008919
  15.800000000   0.000008640
  15.840000000   0.000008370
  15.880000000   0.000008107
  15.920000000   0.000007852
  15.960000000   0.000007604
  16.000000000   0.000007364
  16.040000000   0.000007130
  16.080000000   0.000006903
  16.120000000   0.000006682
  16.160000000   0.000006468
  16.200000000   0.000006260
  16.240000000   0.000006058
  16.280000000   0.000005861
  16.320000000   0.000005670
  16.360000000   0.000005485
  16.400000000   0.000005305
  16.440000000   0.000005130
  16.480000000   0.000004960
  16.520000000   0.000004795
  16.560000000   0.000004635
  16.600000000   0.000004479
  16.640000000   0.000004328
  16.680000000   0.000004181
  16.720000000   0.000004038
  16.760000000   0.000003899
  16.800000000   0.000003765
  16.840000000   0.000003634
  16.880000000   0.000003507
  16.920000000   0.000003384
  16.960000000   0.000003264
  17.000000000   0.000003147
  17.040000000   0.000003034
  17.080000000   0.000002925
  17.120000000   0.000002818
  17.160000000   0.000002715
  17.200000000   0.000002614
  17.240000000   0.000002517
  17.280000000   0.000002422
  17.320000000   0.000002330
  17.360000000   0.000002241
  17.400000000   0.000002155
  17.440000000   0.000002071
  17.480000000   0.000001989
  17.520000000   0.000001910
  17.560000000   0.000001833
  17.600000000   0.000001759
  17.640000000   0.000001687
  17.680000000   0.000001617
  17.720000000   0.000001549
  17.760000000   0.000001484
  17.800000000   0.000001420
  17.840000000   0.000001358
  17.880000000   0.000001298
  17.920000000   0.000001241
  17.960000000   0.000001185
  18.000000000   0.000001130
  18.040000000   0.000001078
  18.080000000   0.000001027
  18.120000000   0.000000978
  18.160000000   0.000000930
  18.200000000   0.000000884
  18.240000000   0.000000840
  18.280000000   0.000000797
  18.320000000   0.000000756
  18.360000000   0.000000716
  18.400000000   0.000000677
  18.440000000   0.000000640
  18.480000000   0.000000604
  18.520000000   0.000000569
  18.560000000   0.000000536
  18.600000000   0.000000504
  18.640000000   0.000000473
  18.680000000   0.000000443
  18.720000000   0.000000415
  18.760000000   0.000000388
  18.800000000   0.000000361
  18.840000000   0.000000336
  18.880000000   0.000000312
  18.920000000   0.000000289
  18.960000000   0.000000267
  19.000000000   0.000000246
  19.040000000   0.000000226
  19.080000000   0.000000207
  19.120000000   0.000000189
  19.160000000   0.000000172
  19.200000000   0.000000156
  19.240000000   0.000000141
  19.280000000   0.000000126
  19.320000000   0.000000113
  19.360000000   0.000000100
  19.400000000   0.000000088
  19.440000000   0.000000077
  19.480000000   0.000000067
  19.520000000   0.000000057
  19.560000000   0.000000048
  19.600000000   0.000000040
  19.640000000   0.000000033
  19.680000000   0.000000027
  19.720000000   0.000000021
  19.760000000   0.000000016
  19.800000000   0.000000012
  19.840000000   0.000000008
  19.880000000   0.000000005
  19.920000000   0.000000003
  19.960000000   0.000000001
  20.000000000   0.000000000
