   0.040000000   0.000082759
   0.080000000   0.000318394
   0.120000000   0.000711188
   0.160000000   0.001258574
   0.200000000   0.001957235
   0.240000000   0.002803123
   0.280000000   0.003791428
   0.320000000   0.004916588
   0.360000000   0.006172336
   0.400000000   0.007551750
   0.440000000   0.009047317
   0.480000000   0.010650993
   0.520000000   0.012354281
   0.560000000   0.014148298
   0.600000000   0.016023858
   0.640000000   0.017971544
   0.680000000   0.019981789
   0.720000000   0.022044956
   0.760000000   0.024151414
   0.800000000   0.026291612
   0.840000000   0.028456154
   0.880000000   0.030635867
   0.920000000   0.032821866
   0.960000000   0.035005616
   1.000000000   0.037178982
   1.040000000   0.039334284
   1.080000000   0.041464334
   1.120000000   0.043562476
   1.160000000   0.045622610
   1.200000000   0.047639215
   1.240000000   0.049607365
   1.280000000   0.051522735
   1.320000000   0.053381596
   1.360000000   0.055180814
   1.400000000   0.056917832
   1.440000000   0.058590651
   1.480000000   0.060197802
   1.520000000   0.061738315
   1.560000000   0.063211684
   1.600000000   0.064617823
   1.640000000   0.065957024
   1.680000000   0.067229908
   1.720000000   0.068437378
   1.760000000   0.069580566
   1.800000000   0.070660784
   1.840000000   0.071679469
   1.880000000   0.072638141
   1.920000000   0.073538344
   1.960000000   0.074381609
   2.000000000   0.075169406
   2.040000000   0.075903106
   2.080000000   0.076583945
   2.120000000   0.077212993
   2.160000000   0.077791129
   2.200000000   0.078319021
   2.240000000   0.078797105
   2.280000000   0.079225584
   2.320000000   0.079604417
   2.360000000   0.079933323
   2.400000000   0.080211789
   2.440000000   0.080439080
   2.480000000   0.080614258
   2.520000000   0.080736203
   2.560000000   0.080803640
   2.600000000   0.080815169
   2.640000000   0.080769295
   2.680000000   0.080664467
   2.720000000   0.080499117
   2.760000000   0.080271694
   2.800000000   0.079980705
   2.840000000   0.079624758
   2.880000000   0.079202597
   2.920000000   0.078713141
   2.960000000   0.078155519
   3.000000000   0.077529103
   3.040000000   0.076833540
   3.080000000   0.076068773
   3.120000000   0.075235069
   3.160000000   0.074333031
   3.200000000   0.073363619
   3.240000000   0.072328149
   3.280000000   0.071228305
   3.320000000   0.070066130
   3.360000000   0.068844025
   3.400000000   0.067564734
   3.440000000   0.066231331
   3.480000000   0.064847196
   3.520000000   0.063415992
   3.560000000   0.061941639
   3.600000000   0.060428279
   3.640000000   0.058880248
   3.680000000   0.057302033
   3.720000000   0.055698241
   3.760000000   0.054073555
   3.800000000   0.052432702
   3.840000000   0.050780410
   3.880000000   0.049121370
   3.920000000   0.047460203
   3.960000000   0.045801425
   4.000000000   0.044149410
   4.040000000   0.042508368
   4.080000000   0.040882311
   4.120000000   0.039275034
   4.160000000   0.037690091
   4.200000000   0.036130784
   4.240000000   0.034600142
   4.280000000   0.033100917
   4.320000000   0.031635578
   4.360000000   0.030206302
   4.400000000   0.028814982
   4.440000000   0.027463224
   4.480000000   0.026152355
   4.520000000   0.024883435
   4.560000000   0.023657262
   4.600000000   0.022474386
   4.640000000   0.021335125
   4.680000000   0.020239578
   4.720000000   0.019187643
   4.760000000   0.018179029
   4.800000000   0.017213280
   4.840000000   0.016289787
   4.880000000   0.015407806
   4.920000000   0.014566475
   4.960000000   0.013764831
   5.000000000   0.013001824
   5.040000000   0.012276331
   5.080000000   0.011587175
   5.120000000   0.010933130
   5.160000000   0.010312940
   5.200000000   0.009725325
   5.240000000   0.009168995
   5.280000000   0.008642654
   5.320000000   0.008145013
   5.360000000   0.007674795
   5.400000000   0.007230740
   5.440000000   0.006811610
   5.480000000   0.006416198
   5.520000000   0.006043324
   5.560000000   0.005691844
   5.600000000   0.005360653
   5.640000000   0.005048681
   5.680000000   0.004754899
   5.720000000   0.004478318
   5.760000000   0.004217992
   5.800000000   0.003973013
   5.840000000   0.003742518
   5.880000000   0.003525679
   5.920000000   0.003321714
   5.960000000   0.003129875
   6.000000000   0.002949454
   6.040000000   0.002779781
   6.080000000   0.002620220
   6.120000000   0.002470169
   6.160000000   0.002329061
   6.200000000   0.002196359
   6.240000000   0.002071557
   6.280000000   0.001954179
   6.320000000   0.001843774
   6.360000000   0.001739921
   6.400000000   0.001642220
   6.440000000   0.001550298
   6.480000000   0.001463802
   6.520000000   0.001382402
   6.560000000   0.001305787
   6.600000000   0.001233665
   6.640000000   0.001165762
   6.680000000   0.001101822
   6.720000000   0.001041603
   6.760000000   0.000984878
   6.800000000   0.000931436
   6.840000000   0.000881077
   6.880000000   0.000833614
   6.920000000   0.000788873
   6.960000000   0.000746688
   7.000000000   0.000706907
   7.040000000   0.000669384
   7.080000000   0.000633984
   7.120000000   0.000600581
   7.160000000   0.000569054
   7.200000000   0.000539293
   7.240000000   0.000511193
   7.280000000   0.000484655
   7.320000000   0.000459587
   7.360000000   0.000435903
   7.400000000   0.000413522
   7.440000000   0.000392367
   7.480000000   0.000372367
   7.520000000   0.000353456
   7.560000000   0.000335569
   7.600000000   0.000318648
   7.640000000   0.000302637
   7.680000000   0.000287485
   7.720000000   0.000273142
   7.760000000   0.000259562
   7.800000000   0.000246703
   7.840000000   0.000234522
   7.880000000   0.000222982
   7.920000000   0.000212048
   7.960000000   0.000201685
   8.000000000   0.000191861
   8.040000000   0.000182548
   8.080000000   0.000173715
   8.120000000   0.000165337
   8.160000000   0.000157390
   8.200000000   0.000149848
   8.240000000   0.000142691
   8.280000000   0.000135898
   8.320000000   0.000129448
   8.360000000   0.000123324
   8.400000000   0.000117507
   8.440000000   0.000111982
   8.480000000   0.000106733
   8.520000000   0.000101745
   8.560000000   0.000097004
   8.600000000   0.000092497
   8.640000000   0.000088213
   8.680000000   0.000084139
   8.720000000   0.000080264
   8.760000000   0.000076578
   8.800000000   0.000073072
   8.840000000   0.000069735
   8.880000000   0.000066560
   8.920000000   0.000063538
   8.960000000   0.000060661
   9.000000000   0.000057921
   9.040000000   0.000055313
   9.080000000   0.000052828
   9.120000000   0.000050462
   9.160000000   0.000048207
   9.200000000   0.000046059
   9.240000000   0.000044012
   9.280000000   0.000042060
   9.320000000   0.000040200
   9.360000000   0.000038427
   9.400000000   0.000036736
   9.440000000   0.000035124
   9.480000000   0.000033586
   9.520000000   0.000032119
   9.560000000   0.000030720
   9.600000000   0.000029385
   9.640000000   0.000028110
   9.680000000   0.000026894
   9.720000000   0.000025734
   9.760000000   0.000024626
   9.800000000   0.000023568
   9.840000000   0.000022557
   9.880000000   0.000021593
   9.920000000   0.000020671
   9.960000000   0.000019791
  10.000000000   0.000018951
  10.040000000   0.000018147
  10.080000000   0.000017380
  10.120000000   0.000016646
  10.160000000   0.000015945
  10.200000000   0.000015275
  10.240000000   0.000014635
  10.280000000   0.000014022
  10.320000000   0.000013437
  10.360000000   0.000012877
  10.400000000   0.000012341
  10.440000000   0.000011829
  10.480000000   0.000011339
  10.520000000   0.000010871
  10.560000000   0.000010422
  10.600000000   0.000009993
  10.640000000   0.000009582
  10.680000000   0.000009189
  10.720000000   0.000008813
  10.760000000   0.000008453
  10.800000000   0.000008109
  10.840000000   0.000007779
  10.880000000   0.000007463
  10.920000000   0.000007160
  10.960000000   0.000006870
  11.000000000   0.000006593
  11.040000000   0.000006327
  11.080000000   0.000006072
  11.120000000   0.000005828
  11.160000000   0.000005594
  11.200000000   0.000005371
  11.240000000   0.000005156
  11.280000000   0.000004950
  11.320000000   0.000004753
  11.360000000   0.000004564
  11.400000000   0.000004383
  11.440000000   0.000004209
  11.480000000   0.000004043
  11.520000000   0.000003883
  11.560000000   0.000003730
  11.600000000   0.000003583
  11.640000000   0.000003443
  11.680000000   0.000003308
  11.720000000   0.000003178
  11.760000000   0.000003054
  11.800000000   0.000002935
  11.840000000   0.000002820
  11.880000000   0.000002710
  11.920000000   0.000002605
  11.960000000   0.000002504
  12.000000000   0.000002407
  12.040000000   0.000002314
  12.080000000   0.000002225
  12.120000000   0.000002139
  12.160000000   0.000002056
  12.200000000   0.000001977
  12.240000000   0.000001901
  12.280000000   0.000001829
  12.320000000   0.000001759
  12.360000000   0.000001691
  12.400000000   0.000001627
  12.440000000   0.000001565
  12.480000000   0.000001505
  12.520000000   0.000001448
  12.560000000   0.000001393
  12.600000000   0.000001340
  12.640000000   0.000001290
  12.680000000   0.000001241
  12.720000000   0.000001194
  12.760000000   0.000001149
  12.800000000   0.000001106
  12.840000000   0.000001064
  12.880000000   0.000001024
  12.920000000   0.000000986
  12.960000000   0.000000949
  13.000000000   0.000000913
  13.040000000   0.000000879
  13.080000000   0.000000846
  13.120000000   0.000000815
  13.160000000   0.000000784
  13.200000000   0.000000755
  13.240000000   0.000000727
  13.280000000   0.000000700
  13.320000000   0.000000674
  13.360000000   0.000000649
  13.400000000   0.000000625
  13.440000000   0.000000602
  13.480000000   0.000000580
  13.520000000   0.000000558
  13.560000000   0.000000538
  13.600000000   0.000000518
  13.640000000   0.000000499
  13.680000000   0.000000481
  13.720000000   0.000000463
  13.760000000   0.000000446
  13.800000000   0.000000430
  13.840000000   0.000000414
  13.880000000   0.000000399
  13.920000000   0.000000384
  13.960000000   0.000000370
  14.000000000   0.000000357
  14.040000000   0.000000344
  14.080000000   0.000000331
  14.120000000   0.000000319
  14.160000000   0.000000307
  14.200000000   0.000000296
  14.240000000   0.000000285
  14.280000000   0.000000275
  14.320000000   0.000000265
  14.360000000   0.000000255
  14.400000000   0.000000246
  14.440000000   0.000000237
  14.480000000   0.000000229
  14.520000000   0.000000220
  14.560000000   0.000000212
  14.600000000   0.000000205
  14.640000000   0.000000197
  14.680000000   0.000000190
  14.720000000   0.000000183
  14.760000000   0.000000177
  14.800000000   0.000000170
  14.840000000   0.000000164
  14.880000000   0.000000158
  14.920000000   0.000000152
  14.960000000   0.000000147
  15.000000000   0.000000142
  15.040000000   0.000000136
  15.080000000   0.000000132
  15.120000000   0.000000127
  15.160000000   0.000000122
  15.200000000   0.000000118
  15.240000000   0.000000114
  15.280000000   0.000000109
  15.320000000   0.000000105
  15.360000000   0.000000102
  15.400000000   0.000000098
  15.440000000   0.000000094
  15.480000000   0.000000091
  15.520000000   0.000000088
  15.560000000   0.000000084
  15.600000000   0.000000081
  15.640000000   0.000000078
  15.680000000   0.000000076
  15.720000000   0.000000073
  15.760000000   0.000000070
  15.800000000   0.000000068
  15.840000000   0.000000065
  15.880000000   0.000000063
  15.920000000   0.000000060
  15.960000000   0.000000058
  16.000000000   0.000000056
  16.040000000   0.000000054
  16.080000000   0.000000052
  16.120000000   0.000000050
  16.160000000   0.000000048
  16.200000000   0.000000046
  16.240000000   0.000000045
  16.280000000   0.000000043
  16.320000000   0.000000041
  16.360000000   0.000000040
  16.400000000   0.000000038
  16.440000000   0.000000037
  16.480000000   0.000000035
  16.520000000   0.000000034
  16.560000000   0.000000033
  16.600000000   0.000000032
  16.640000000   0.000000030
  16.680000000   0.000000029
  16.720000000   0.000000028
  16.760000000   0.000000027
  16.800000000   0.000000026
  16.840000000   0.000000025
  16.880000000   0.000000024
  16.920000000   0.000000023
  16.960000000   0.000000022
  17.000000000   0.000000021
  17.040000000   0.000000020
  17.080000000   0.000000019
  17.120000000   0.000000019
  17.160000000   0.000000018
  17.200000000   0.000000017
  17.240000000   0.000000016
  17.280000000   0.000000016
  17.320000000   0.000000015
  17.360000000   0.000000014
  17.400000000   0.000000014
  17.440000000   0.000000013
  17.480000000   0.000000013
  17.520000000   0.000000012
  17.560000000   0.000000012
  17.600000000   0.000000011
  17.640000000   0.000000011
  17.680000000   0.000000010
  17.720000000   0.000000010
  17.760000000   0.000000009
  17.800000000   0.000000009
  17.840000000   0.000000008
  17.880000000   0.000000008
  17.920000000   0.000000008
  17.960000000   0.000000007
  18.000000000   0.000000007
  18.040000000   0.000000007
  18.080000000   0.000000006
  18.120000000   0.000000006
  18.160000000   0.000000006
  18.200000000   0.000000005
  18.240000000   0.000000005
  18.280000000   0.000000005
  18.320000000   0.000000005
  18.360000000   0.000000004
  18.400000000   0.000000004
  18.440000000   0.000000004
  18.480000000   0.000000004
  18.520000000   0.000000003
  18.560000000   0.000000003
  18.600000000   0.000000003
  18.640000000   0.000000003
  18.680000000   0.000000003
  18.720000000   0.000000002
  18.760000000   0.000000002
  18.800000000   0.000000002
  18.840000000   0.000000002
  18.880000000   0.000000002
  18.920000000   0.000000002
  18.960000000   0.000000002
  19.000000000   0.000000001
  19.040000000   0.000000001
  19.080000000   0.000000001
  19.120000000   0.000000001
  19.160000000   0.000000001
  19.200000000   0.000000001
  19.240000000   0.000000001
  19.280000000   0.000000001
  19.320000000   0.000000001
  19.360000000   0.000000001
  19.400000000   0.000000000
  19.440000000   0.000000000
  19.480000000   0.000000000
  19.520000000   0.000000000
  19.560000000   0.000000000
  19.600000000   0.000000000
  19.640000000   0.000000000
  19.680000000   0.000000000
  19.720000000   0.000000000
  19.760000000   0.000000000
  19.800000000   0.000000000
  19.840000000   0.000000000
  19.880000000   0.000000000
  19.920000000   0.000000000
  19.960000000   0.000000000
  20.000000000   0.000000000
