   0.040000000   0.000055280
   0.080000000   0.000212664
   0.120000000   0.000474949
   0.160000000   0.000840293
   0.200000000   0.001306287
   0.240000000   0.001869969
   0.280000000   0.002527796
   0.320000000   0.003275654
   0.360000000   0.004108882
   0.400000000   0.005022303
   0.440000000   0.006010261
   0.480000000   0.007066663
   0.520000000   0.008185021
   0.560000000   0.009358499
   0.600000000   0.010579963
   0.640000000   0.011842030
   0.680000000   0.013137120
   0.720000000   0.014457512
   0.760000000   0.015795392
   0.800000000   0.017142914
   0.840000000   0.018492247
   0.880000000   0.019835635
   0.920000000   0.021165440
   0.960000000   0.022474202
   1.000000000   0.023754680
   1.040000000   0.024999904
   1.080000000   0.026203214
   1.120000000   0.027358305
   1.160000000   0.028459262
   1.200000000   0.029500594
   1.240000000   0.030477269
   1.280000000   0.031384732
   1.320000000   0.032218937
   1.360000000   0.032976357
   1.400000000   0.033654004
   1.440000000   0.034249436
   1.480000000   0.034760759
   1.520000000   0.035186633
   1.560000000   0.035526265
   1.600000000   0.035779402
   1.640000000   0.035946319
   1.680000000   0.036027802
   1.720000000   0.036025129
   1.760000000   0.035940048
   1.800000000   0.035774750
   1.840000000   0.035531838
   1.880000000   0.035214296
   1.920000000   0.034825458
   1.960000000   0.034368968
   2.000000000   0.033848745
   2.040000000   0.033268943
   2.080000000   0.032633915
   2.120000000   0.031948170
   2.160000000   0.031216335
   2.200000000   0.030443116
   2.240000000   0.029633263
   2.280000000   0.028791527
   2.320000000   0.027922629
   2.360000000   0.027031228
   2.400000000   0.026121884
   2.440000000   0.025199034
   2.480000000   0.024266961
   2.520000000   0.023329776
   2.560000000   0.022391391
   2.600000000   0.021455504
   2.640000000   0.020525582
   2.680000000   0.019604852
   2.720000000   0.018696286
   2.760000000   0.017802603
   2.800000000   0.016926255
   2.840000000   0.016069437
   2.880000000   0.015234080
   2.920000000   0.014421860
   2.960000000   0.013634201
   3.000000000   0.012872285
   3.040000000   0.012137063
   3.080000000   0.011429262
   3.120000000   0.010749400
   3.160000000   0.010097801
   3.200000000   0.009474606
   3.240000000   0.008879788
   3.280000000   0.008313171
   3.320000000   0.007774439
   3.360000000   0.007263154
   3.400000000   0.006778772
   3.440000000   0.006320655
   3.480000000   0.005888086
   3.520000000   0.005480280
   3.560000000   0.005096399
   3.600000000   0.004735563
   3.640000000   0.004396860
   3.680000000   0.004079355
   3.720000000   0.003782101
   3.760000000   0.003504146
   3.800000000   0.003244539
   3.840000000   0.003002340
   3.880000000   0.002776619
   3.920000000   0.002566470
   3.960000000   0.002371005
   4.000000000   0.002189364
   4.040000000   0.002020716
   4.080000000   0.001864260
   4.120000000   0.001719227
   4.160000000   0.001584882
   4.200000000   0.001460523
   4.240000000   0.001345484
   4.280000000   0.001239131
   4.320000000   0.001140866
   4.360000000   0.001050121
   4.400000000   0.000966365
   4.440000000   0.000889096
   4.480000000   0.000817843
   4.520000000   0.000752164
   4.560000000   0.000691647
   4.600000000   0.000635906
   4.640000000   0.000584580
   4.680000000   0.000537335
   4.720000000   0.000493858
   4.760000000   0.000453859
   4.800000000   0.000417067
   4.840000000   0.000383234
   4.880000000   0.000352128
   4.920000000   0.000323533
   4.960000000   0.000297250
   5.000000000   0.000273097
   5.040000000   0.000250904
   5.080000000   0.000230513
   5.120000000   0.000211780
   5.160000000   0.000194572
   5.200000000   0.000178766
   5.240000000   0.000164248
   5.280000000   0.000150913
   5.320000000   0.000138667
   5.360000000   0.000127419
   5.400000000   0.000117090
   5.440000000   0.000107604
   5.480000000   0.000098891
   5.520000000   0.000090890
   5.560000000   0.000083542
   5.600000000   0.000076793
   5.640000000   0.000070594
   5.680000000   0.000064900
   5.720000000   0.000059671
   5.760000000   0.000054867
   5.800000000   0.000050454
   5.840000000   0.000046399
   5.880000000   0.000042675
   5.920000000   0.000039252
   5.960000000   0.000036108
   6.000000000   0.000033218
   6.040000000   0.000030563
   6.080000000   0.000028122
   6.120000000   0.000025879
   6.160000000   0.000023817
   6.200000000   0.000021921
   6.240000000   0.000020178
   6.280000000   0.000018576
   6.320000000   0.000017102
   6.360000000   0.000015747
   6.400000000   0.000014501
   6.440000000   0.000013355
   6.480000000   0.000012300
   6.520000000   0.000011330
   6.560000000   0.000010437
   6.600000000   0.000009616
   6.640000000   0.000008860
   6.680000000   0.000008165
   6.720000000   0.000007525
   6.760000000   0.000006935
   6.800000000   0.000006393
   6.840000000   0.000005893
   6.880000000   0.000005433
   6.920000000   0.000005010
   6.960000000   0.000004620
   7.000000000   0.000004260
   7.040000000   0.000003929
   7.080000000   0.000003624
   7.120000000   0.000003343
   7.160000000   0.000003085
   7.200000000   0.000002846
   7.240000000   0.000002626
   7.280000000   0.000002424
   7.320000000   0.000002237
   7.360000000   0.000002065
   7.400000000   0.000001906
   7.440000000   0.000001759
   7.480000000   0.000001624
   7.520000000   0.000001500
   7.560000000   0.000001385
   7.600000000   0.000001279
   7.640000000   0.000001181
   7.680000000   0.000001091
   7.720000000   0.000001008
   7.760000000   0.000000931
   7.800000000   0.000000860
   7.840000000   0.000000795
   7.880000000   0.000000735
   7.920000000   0.000000679
   7.960000000   0.000000627
   8.000000000   0.000000580
   8.040000000   0.000000536
   8.080000000   0.000000496
   8.120000000   0.000000458
   8.160000000   0.000000424
   8.200000000   0.000000392
   8.240000000   0.000000362
   8.280000000   0.000000335
   8.320000000   0.000000310
   8.360000000   0.000000287
   8.400000000   0.000000265
   8.440000000   0.000000245
   8.480000000   0.000000227
   8.520000000   0.000000210
   8.560000000   0.000000194
   8.600000000   0.000000180
   8.640000000   0.000000166
   8.680000000   0.000000154
   8.720000000   0.000000143
   8.760000000   0.000000132
   8.800000000   0.000000122
   8.840000000   0.000000113
   8.880000000   0.000000105
   8.920000000   0.000000097
   8.960000000   0.000000090
   9.000000000   0.000000083
   9.040000000   0.000000077
   9.080000000   0.000000071
   9.120000000   0.000000066
   9.160000000   0.000000061
   9.200000000   0.000000057
   9.240000000   0.000000052
   9.280000000   0.000000049
   9.320000000   0.000000045
   9.360000000   0.000000042
   9.400000000   0.000000039
   9.440000000   0.000000036
   9.480000000   0.000000033
   9.520000000   0.000000031
   9.560000000   0.000000029
   9.600000000   0.000000026
   9.640000000   0.000000025
   9.680000000   0.000000023
   9.720000000   0.000000021
   9.760000000   0.000000020
   9.800000000   0.000000018
   9.840000000   0.000000017
   9.880000000   0.000000016
   9.920000000   0.000000014
   9.960000000   0.000000013
  10.000000000   0.000000012
  10.040000000   0.000000012
  10.080000000   0.000000011
  10.120000000   0.000000010
  10.160000000   0.000000009
  10.200000000   0.000000009
  10.240000000   0.000000008
  10.280000000   0.000000007
  10.320000000   0.000000007
  10.360000000   0.000000006
  10.400000000   0.000000006
  10.440000000   0.000000005
  10.480000000   0.000000005
  10.520000000   0.000000005
  10.560000000   0.000000004
  10.600000000   0.000000004
  10.640000000   0.000000004
  10.680000000   0.000000003
  10.720000000   0.000000003
  10.760000000   0.000000003
  10.800000000   0.000000003
  10.840000000   0.000000003
  10.880000000   0.000000002
  10.920000000   0.000000002
  10.960000000   0.000000002
  11.000000000   0.000000002
  11.040000000   0.000000002
  11.080000000   0.000000002
  11.120000000   0.000000002
  11.160000000   0.000000001
  11.200000000   0.000000001
  11.240000000   0.000000001
  11.280000000   0.000000001
  11.320000000   0.000000001
  11.360000000   0.000000001
  11.400000000   0.000000001
  11.440000000   0.000000001
  11.480000000   0.000000001
  11.520000000   0.000000001
  11.560000000   0.000000001
  11.600000000   0.000000001
  11.640000000   0.000000001
  11.680000000   0.000000001
  11.720000000   0.000000001
  11.760000000   0.000000000
  11.800000000   0.000000000
  11.840000000   0.000000000
  11.880000000   0.000000000
  11.920000000   0.000000000
  11.960000000   0.000000000
  12.000000000   0.000000000
  12.040000000   0.000000000
  12.080000000   0.000000000
  12.120000000   0.000000000
  12.160000000   0.000000000
  12.200000000   0.000000000
  12.240000000   0.000000000
  12.280000000   0.000000000
  12.320000000   0.000000000
  12.360000000   0.000000000
  12.400000000   0.000000000
  12.440000000   0.000000000
  12.480000000   0.000000000
  12.520000000   0.000000000
  12.560000000   0.000000000
  12.600000000   0.000000000
  12.640000000   0.000000000
  12.680000000   0.000000000
  12.720000000   0.000000000
  12.760000000   0.000000000
  12.800000000   0.000000000
  12.840000000   0.000000000
  12.880000000   0.000000000
  12.920000000   0.000000000
  12.960000000   0.000000000
  13.000000000   0.000000000
  13.040000000   0.000000000
  13.080000000   0.000000000
  13.120000000   0.000000000
  13.160000000   0.000000000
  13.200000000   0.000000000
  13.240000000   0.000000000
  13.280000000   0.000000000
  13.320000000   0.000000000
  13.360000000   0.000000000
  13.400000000   0.000000000
  13.440000000   0.000000000
  13.480000000   0.000000000
  13.520000000   0.000000000
  13.560000000   0.000000000
  13.600000000   0.000000000
  13.640000000   0.000000000
  13.680000000   0.000000000
  13.720000000   0.000000000
  13.760000000   0.000000000
  13.800000000   0.000000000
  13.840000000   0.000000000
  13.880000000   0.000000000
  13.920000000   0.000000000
  13.960000000   0.000000000
  14.000000000   0.000000000
  14.040000000   0.000000000
  14.080000000   0.000000000
  14.120000000   0.000000000
  14.160000000   0.000000000
  14.200000000   0.000000000
  14.240000000   0.000000000
  14.280000000   0.000000000
  14.320000000   0.000000000
  14.360000000   0.000000000
  14.400000000   0.000000000
  14.440000000   0.000000000
  14.480000000   0.000000000
  14.520000000   0.000000000
  14.560000000   0.000000000
  14.600000000   0.000000000
  14.640000000   0.000000000
  14.680000000   0.000000000
  14.720000000   0.000000000
  14.760000000   0.000000000
  14.800000000   0.000000000
  14.840000000   0.000000000
  14.880000000   0.000000000
  14.920000000   0.000000000
  14.960000000   0.000000000
  15.000000000   0.000000000
  15.040000000   0.000000000
  15.080000000   0.000000000
  15.120000000   0.000000000
  15.160000000   0.000000000
  15.200000000   0.000000000
  15.240000000   0.000000000
  15.280000000   0.000000000
  15.320000000   0.000000000
  15.360000000   0.000000000
  15.400000000   0.000000000
  15.440000000   0.000000000
  15.480000000   0.000000000
  15.520000000   0.000000000
  15.560000000   0.000000000
  15.600000000   0.000000000
  15.640000000   0.000000000
  15.680000000   0.000000000
  15.720000000   0.000000000
  15.760000000   0.000000000
  15.800000000   0.000000000
  15.840000000   0.000000000
  15.880000000   0.000000000
  15.920000000   0.000000000
  15.960000000   0.000000000
  16.000000000   0.000000000
  16.040000000   0.000000000
  16.080000000   0.000000000
  16.120000000   0.000000000
  16.160000000   0.000000000
  16.200000000   0.000000000
  16.240000000   0.000000000
  16.280000000   0.000000000
  16.320000000   0.000000000
  16.360000000   0.000000000
  16.400000000   0.000000000
  16.440000000   0.000000000
  16.480000000   0.000000000
  16.520000000   0.000000000
  16.560000000   0.000000000
  16.600000000   0.000000000
  16.640000000   0.000000000
  16.680000000   0.000000000
  16.720000000   0.000000000
  16.760000000   0.000000000
  16.800000000   0.000000000
  16.840000000   0.000000000
  16.880000000   0.000000000
  16.920000000   0.000000000
  16.960000000   0.000000000
  17.000000000   0.000000000
  17.040000000   0.000000000
  17.080000000   0.000000000
  17.120000000   0.000000000
  17.160000000   0.000000000
  17.200000000   0.000000000
  17.240000000   0.000000000
  17.280000000   0.000000000
  17.320000000   0.000000000
  17.360000000   0.000000000
  17.400000000   0.000000000
  17.440000000   0.000000000
  17.480000000   0.000000000
  17.520000000   0.000000000
  17.560000000   0.000000000
  17.600000000   0.000000000
  17.640000000   0.000000000
  17.680000000   0.000000000
  17.720000000   0.000000000
  17.760000000   0.000000000
  17.800000000   0.000000000
  17.840000000   0.000000000
  17.880000000   0.000000000
  17.920000000   0.000000000
  17.960000000   0.000000000
  18.000000000   0.000000000
  18.040000000   0.000000000
  18.080000000   0.000000000
  18.120000000   0.000000000
  18.160000000   0.000000000
  18.200000000   0.000000000
  18.240000000   0.000000000
  18.280000000   0.000000000
  18.320000000   0.000000000
  18.360000000   0.000000000
  18.400000000   0.000000000
  18.440000000   0.000000000
  18.480000000   0.000000000
  18.520000000   0.000000000
  18.560000000   0.000000000
  18.600000000   0.000000000
  18.640000000   0.000000000
  18.680000000   0.000000000
  18.720000000   0.000000000
  18.760000000   0.000000000
  18.800000000   0.000000000
  18.840000000   0.000000000
  18.880000000   0.000000000
  18.920000000   0.000000000
  18.960000000   0.000000000
  19.000000000   0.000000000
  19.040000000   0.000000000
  19.080000000   0.000000000
  19.120000000   0.000000000
  19.160000000   0.000000000
  19.200000000   0.000000000
  19.240000000   0.000000000
  19.280000000   0.000000000
  19.320000000   0.000000000
  19.360000000   0.000000000
  19.400000000   0.000000000
  19.440000000   0.000000000
  19.480000000   0.000000000
  19.520000000   0.000000000
  19.560000000   0.000000000
  19.600000000   0.000000000
  19.640000000   0.000000000
  19.680000000   0.000000000
  19.720000000   0.000000000
  19.760000000   0.000000000
  19.800000000   0.000000000
  19.840000000   0.000000000
  19.880000000   0.000000000
  19.920000000   0.000000000
  19.960000000   0.000000000
  20.000000000   0.000000000
