   2.9999999999999999E-002   6.7711030904591588E-002
   5.9999999999999998E-002   7.2704162082848148E-002
   8.9999999999999997E-002   7.4709794256030762E-002
  0.12000000000000000        7.5799198454093733E-002
  0.14999999999999999        7.6523300737654190E-002
  0.17999999999999999        7.7075376469480539E-002
  0.20999999999999999        7.7538952728242086E-002
  0.23999999999999999        7.7955610848195342E-002
  0.27000000000000002        7.8348106709619197E-002
  0.29999999999999999        7.8729697587165900E-002
  0.32999999999999996        7.9108404123363535E-002
  0.35999999999999999        7.9489151176196232E-002
  0.39000000000000001        7.9874926315741807E-002
  0.41999999999999998        8.0267445926761910E-002
  0.44999999999999996        8.0667558246601517E-002
  0.47999999999999998        8.1075498271735977E-002
  0.51000000000000001        8.1491055489622682E-002
  0.54000000000000004        8.1913688343874538E-002
  0.56999999999999995        8.2342605077333500E-002
  0.59999999999999998        8.2776822739579495E-002
  0.63000000000000000        8.3215211648517334E-002
  0.65999999999999992        8.3656529934924895E-002
  0.68999999999999995        8.4099451177390039E-002
  0.71999999999999997        8.4542587120679913E-002
  0.75000000000000000        8.4984506820926592E-002
  0.78000000000000003        8.5423753136045860E-002
  0.80999999999999994        8.5858857196569938E-002
  0.83999999999999997        8.6288351300060379E-002
  0.87000000000000000        8.6710780540143556E-002
  0.89999999999999991        8.7124713389104727E-002
  0.92999999999999994        8.7528751388060683E-002
  0.95999999999999996        8.7921538052546599E-002
  0.98999999999999999        8.8301767068341988E-002
   1.0200000000000000        8.8668189828621735E-002
   1.0500000000000000        8.9019622346510494E-002
   1.0800000000000001        8.9354951564967075E-002
   1.1099999999999999        8.9673141077387913E-002
   1.1399999999999999        8.9973236266425505E-002
   1.1699999999999999        9.0254368864664036E-002
   1.2000000000000000        9.0515760938434872E-002
   1.2300000000000000        9.0756728294887221E-002
   1.2600000000000000        9.0976683312143133E-002
   1.2900000000000000        9.1175137192771580E-002
   1.3199999999999998        9.1351701641759445E-002
   1.3499999999999999        9.1506089971502988E-002
   1.3799999999999999        9.1638117638017796E-002
   1.4099999999999999        9.1747702214447197E-002
   1.4399999999999999        9.1834862810030213E-002
   1.4700000000000000        9.1899718944869924E-002
   1.5000000000000000        9.1942488893089910E-002
   1.5300000000000000        9.1963487509274799E-002
   1.5600000000000001        9.1963123555361001E-002
   1.5899999999999999        9.1941896547427890E-002
   1.6199999999999999        9.1900393144028897E-002
   1.6499999999999999        9.1839283099848928E-002
   1.6799999999999999        9.1759314810510903E-002
   1.7100000000000000        9.1661310476270491E-002
   1.7400000000000000        9.1546160914147565E-002
   1.7700000000000000        9.1414820049676979E-002
   1.7999999999999998        9.1268299120968080E-002
   1.8299999999999998        9.1107660629084403E-002
   1.8599999999999999        9.0934012069901884E-002
   1.8899999999999999        9.0748499483577022E-002
   1.9199999999999999        9.0552300858516455E-002
   1.9500000000000000        9.0346619427326039E-002
   1.9800000000000000        9.0132676892580907E-002
   2.0099999999999998        8.9911706620431256E-002
   2.0400000000000000        8.9684946840023913E-002
   2.0699999999999998        8.9453633886465211E-002
   2.1000000000000001        8.9218995524618469E-002
   2.1299999999999999        8.8982244390362369E-002
   2.1600000000000001        8.8744571585096313E-002
   2.1899999999999999        8.8507140458227246E-002
   2.2199999999999998        8.8271080611143679E-002
   2.2500000000000000        8.8037482154760649E-002
   2.2799999999999998        8.7807390251133585E-002
   2.3100000000000001        8.7581799967881263E-002
   2.3399999999999999        8.7361651472248905E-002
   2.3700000000000001        8.7147825589584740E-002
   2.3999999999999999        8.6941139748820631E-002
   2.4299999999999997        8.6742344335227151E-002
   2.4600000000000000        8.6552119468312899E-002
   2.4899999999999998        8.6371072220215048E-002
   2.5200000000000000        8.6199734287335295E-002
   2.5499999999999998        8.6038560125335742E-002
   2.5800000000000001        8.5887925554886210E-002
   2.6099999999999999        8.5748126842820710E-002
   2.6399999999999997        8.5619380260597927E-002
   2.6699999999999999        8.5501822119195894E-002
   2.6999999999999997        8.5395509276817605E-002
   2.7300000000000000        8.5300420113056899E-002
   2.7599999999999998        8.5216455960486520E-002
   2.7900000000000000        8.5143442982012638E-002
   2.8199999999999998        8.5081134479769116E-002
   2.8500000000000001        8.5029213618870003E-002
   2.8799999999999999        8.4987296546972124E-002
   2.9099999999999997        8.4954935888331265E-002
   2.9399999999999999        8.4931624588924476E-002
   2.9699999999999998        8.4916800087214431E-002
   3.0000000000000000        8.4909848783294495E-002
   3.0299999999999998        8.4910110777478759E-002
   3.0600000000000001        8.4916884847886120E-002
   3.0899999999999999        8.4929433635250060E-002
   3.1200000000000001        8.4946989002028364E-002
   3.1499999999999999        8.4968757531949393E-002
   3.1799999999999997        8.4993926135370657E-002
   3.2100000000000000        8.5021667725276431E-002
   3.2399999999999998        8.5051146928401850E-002
   3.2700000000000000        8.5081525795829241E-002
   3.2999999999999998        8.5111969477478441E-002
   3.3300000000000001        8.5141651825186973E-002
   3.3599999999999999        8.5169760889570664E-002
   3.3899999999999997        8.5195504276544251E-002
   3.4199999999999999        8.5218114330268852E-002
   3.4499999999999997        8.5236853110389824E-002
   3.4800000000000000        8.5251017132695617E-002
   3.5099999999999998        8.5259941843797718E-002
   3.5400000000000000        8.5263005802055161E-002
   3.5699999999999998        8.5259634538777496E-002
   3.5999999999999996        8.5249304075683485E-002
   3.6299999999999999        8.5231544076698626E-002
   3.6599999999999997        8.5205940614399997E-002
   3.6899999999999999        8.5172138533765984E-002
   3.7199999999999998        8.5129843398350863E-002
   3.7500000000000000        8.5078823006546969E-002
   3.7799999999999998        8.5018908468222146E-002
   3.8100000000000001        8.4949994834714840E-002
   3.8399999999999999        8.4872041277898325E-002
   3.8699999999999997        8.4785070816800631E-002
   3.8999999999999999        8.4689169593045094E-002
   3.9299999999999997        8.4584485699161785E-002
   3.9600000000000000        8.4471227566586440E-002
   3.9899999999999998        8.4349661922899027E-002
   4.0199999999999996        8.4220111330540331E-002
   4.0499999999999998        8.4082951321862748E-002
   4.0800000000000001        8.3938607147918121E-002
   4.1099999999999994        8.3787550160828492E-002
   4.1399999999999997        8.3630293851930229E-002
   4.1699999999999999        8.3467389570083497E-002
   4.2000000000000002        8.3299421946632257E-002
   4.2299999999999995        8.3127004055414719E-002
   4.2599999999999998        8.2950772337998413E-002
   4.2900000000000000        8.2771381325905072E-002
   4.3200000000000003        8.2589498193001959E-002
   4.3499999999999996        8.2405797172458065E-002
   4.3799999999999999        8.2220953873679364E-002
   4.4100000000000001        8.2035639535454646E-002
   4.4399999999999995        8.1850515252137213E-002
   4.4699999999999998        8.1666226210077644E-002
   4.5000000000000000        8.1483395971677683E-002
   4.5300000000000002        8.1302620844374382E-002
   4.5599999999999996        8.1124464371579302E-002
   4.5899999999999999        8.0949451982083920E-002
   4.6200000000000001        8.0778065833708154E-002
   4.6499999999999995        8.0610739886016719E-002
   4.6799999999999997        8.0447855235756524E-002
   4.7100000000000000        8.0289735747287719E-002
   4.7400000000000002        8.0136644008697105E-002
   4.7699999999999996        7.9988777642499134E-002
   4.7999999999999998        7.9846265997862764E-002
   4.8300000000000001        7.9709167249155846E-002
   4.8599999999999994        7.9577465923283408E-002
   4.8899999999999997        7.9451070875834376E-002
   4.9199999999999999        7.9329813733437712E-002
   4.9500000000000002        7.9213447817002125E-002
   4.9799999999999995        7.9101647557661997E-002
   5.0099999999999998        7.8994008414314643E-002
   5.0400000000000000        7.8890047298610058E-002
   5.0699999999999994        7.8789203510179789E-002
   5.0999999999999996        7.8690840181753499E-002
   5.1299999999999999        7.8594246230671960E-002
   5.1600000000000001        7.8498638810137689E-002
   5.1899999999999995        7.8403166250399267E-002
   5.2199999999999998        7.8306911476950541E-002
   5.2500000000000000        7.8208895889753896E-002
   5.2799999999999994        7.8108083684504795E-002
   5.3099999999999996        7.8003386594038729E-002
   5.3399999999999999        7.7893669025185519E-002
   5.3700000000000001        7.7777753563688018E-002
   5.3999999999999995        7.7654426817275801E-002
   5.4299999999999997        7.7522445564606760E-002
   5.4600000000000000        7.7380543175588942E-002
   5.4900000000000002        7.7227436266595659E-002
   5.5199999999999996        7.7061831552287657E-002
   5.5499999999999998        7.6882432854178256E-002
   5.5800000000000001        7.6687948224745422E-002
   5.6099999999999994        7.6477097144795461E-002
   5.6399999999999997        7.6248617750948780E-002
   5.6699999999999999        7.6001274049550815E-002
   5.7000000000000002        7.5733863073013011E-002
   5.7299999999999995        7.5445221934571732E-002
   5.7599999999999998        7.5134234737722239E-002
   5.7900000000000000        7.4799839297136850E-002
   5.8199999999999994        7.4441033628718969E-002
   5.8499999999999996        7.4056882167572141E-002
   5.8799999999999999        7.3646521674071055E-002
   5.9100000000000001        7.3209166789914681E-002
   5.9399999999999995        7.2744115207998186E-002
   5.9699999999999998        7.2250752422166276E-002
   6.0000000000000000        7.1728556025385581E-002
   6.0299999999999994        7.1177099527584498E-002
   6.0599999999999996        7.0596055667349666E-002
   6.0899999999999999        6.9985199194813247E-002
   6.1200000000000001        6.9344409106398552E-002
   6.1499999999999995        6.8673670315591878E-002
   6.1799999999999997        6.7973074747560466E-002
   6.2100000000000000        6.7242821849198761E-002
   6.2400000000000002        6.6483218510056272E-002
   6.2699999999999996        6.5694678393531172E-002
   6.2999999999999998        6.4877720681692258E-002
   6.3300000000000001        6.4032968241074031E-002
   6.3599999999999994        6.3161145220759329E-002
   6.3899999999999997        6.2263074097982360E-002
   6.4199999999999999        6.1339672190318807E-002
   6.4500000000000002        6.0391947657256632E-002
   6.4799999999999995        5.9420995017513870E-002
   6.5099999999999998        5.8427990211877841E-002
   6.5400000000000000        5.7414185244532456E-002
   6.5699999999999994        5.6380902438800500E-002
   6.5999999999999996        5.5329528345920975E-002
   6.6299999999999999        5.4261507347888871E-002
   6.6600000000000001        5.3178334997464057E-002
   6.6899999999999995        5.2081551140211534E-002
   6.7199999999999998        5.0972732864818182E-002
   6.7500000000000000        4.9853487328949342E-002
   6.7799999999999994        4.8725444508529260E-002
   6.8099999999999996        4.7590249918556551E-002
   6.8399999999999999        4.6449557353385747E-002
   6.8700000000000001        4.5305021693819537E-002
   6.8999999999999995        4.4158291827361758E-002
   6.9299999999999997        4.3011003726593514E-002
   6.9600000000000000        4.1864773728857475E-002
   6.9899999999999993        4.0721192058282667E-002
   7.0199999999999996        3.9581816628689120E-002
   7.0499999999999998        3.8448167163078951E-002
   7.0800000000000001        3.7321719662302064E-002
   7.1099999999999994        3.6203901252094203E-002
   7.1399999999999997        3.5096085434069273E-002
   7.1699999999999999        3.3999587762444501E-002
   7.1999999999999993        3.2915661964325889E-002
   7.2299999999999995        3.1845496517327737E-002
   7.2599999999999998        3.0790211694194172E-002
   7.2900000000000000        2.9750857079973728E-002
   7.3199999999999994        2.8728409563217275E-002
   7.3499999999999996        2.7723771798678961E-002
   7.3799999999999999        2.6737771135131365E-002
   7.4100000000000001        2.5771158998216272E-002
   7.4399999999999995        2.4824610714769459E-002
   7.4699999999999998        2.3898725761829300E-002
   7.5000000000000000        2.2994028420584674E-002
   7.5299999999999994        2.2110968812878950E-002
   7.5599999999999996        2.1249924295575585E-002
   7.5899999999999999        2.0411201186129137E-002
   7.6200000000000001        1.9595036791106666E-002
   7.6499999999999995        1.8801601708169396E-002
   7.6799999999999997        1.8031002371159170E-002
   7.7100000000000000        1.7283283807429134E-002
   7.7399999999999993        1.6558432576405137E-002
   7.7699999999999996        1.5856379858547077E-002
   7.7999999999999998        1.5177004664379273E-002
   7.8300000000000001        1.4520137134050228E-002
   7.8599999999999994        1.3885561898940911E-002
   7.8899999999999997        1.3273021478133969E-002
   7.9199999999999999        1.2682219684055182E-002
   7.9499999999999993        1.2112825013269282E-002
   7.9799999999999995        1.1564474000222298E-002
   8.0099999999999998        1.1036774513637791E-002
   8.0399999999999991        1.0529308977262187E-002
   8.0700000000000003        1.0041637498686997E-002
   8.0999999999999996        9.5733008920168144E-003
   8.1299999999999990        9.1238235821829387E-003
   8.1600000000000001        8.6927163806904788E-003
   8.1899999999999995        8.2794791245155968E-003
   8.2199999999999989        7.8836031717171035E-003
   8.2500000000000000        7.5045737490767629E-003
   8.2799999999999994        7.1418721487240674E-003
   8.3100000000000005        6.7949777722217334E-003
   8.3399999999999999        6.4633700219813191E-003
   8.3699999999999992        6.1465300411389810E-003
   8.4000000000000004        5.8439423041480561E-003
   8.4299999999999997        5.5550960613364835E-003
   8.4599999999999991        5.2794866415362242E-003
   8.4900000000000002        5.0166166176223914E-003
   8.5199999999999996        4.7659968404060605E-003
   8.5499999999999989        4.5271473468143373E-003
   8.5800000000000001        4.2995981486700259E-003
   8.6099999999999994        4.0828899086613763E-003
   8.6400000000000006        3.8765745102754970E-003
   8.6699999999999999        3.6802155285688984E-003
   8.6999999999999993        3.4933886086718578E-003
   8.7300000000000004        3.3156817588796622E-003
   8.7599999999999998        3.1466955650821834E-003
   8.7899999999999991        2.9860433331311709E-003
   8.8200000000000003        2.8333511655502640E-003
   8.8499999999999996        2.6882579787641642E-003
   8.8799999999999990        2.5504154667660229E-003
   8.9100000000000001        2.4194880168638888E-003
   8.9399999999999995        2.2951525828526853E-003
   8.9699999999999989        2.1770985206529575E-003
   9.0000000000000000        2.0650273911466664E-003
   9.0299999999999994        1.9586527346269140E-003
   9.0600000000000005        1.8576998209668140E-003
   9.0899999999999999        1.7619053793052461E-003
   9.1199999999999992        1.6710173107466683E-003
   9.1500000000000004        1.5847943872808311E-003
   9.1799999999999997        1.5030059398472074E-003
   9.2099999999999991        1.4254315382001622E-003
   9.2400000000000002        1.3518606649748101E-003
   9.2699999999999996        1.2820923861112281E-003
   9.2999999999999989        1.2159350195663382E-003
   9.3300000000000001        1.1532058040287761E-003
   9.3599999999999994        1.0937305691521141E-003
   9.3899999999999988        1.0373434086363899E-003
   9.4199999999999999        9.8388635731601034E-004
   9.4499999999999993        9.3320907325377474E-004
   9.4800000000000004        8.8516852569559652E-004
   9.5099999999999998        8.3962868960775548E-004
   9.5399999999999991        7.9646024739748783E-004
   9.5700000000000003        7.5554029830835747E-004
   9.5999999999999996        7.1675207588278397E-004
   9.6299999999999990        6.7998467379511477E-004
   9.6600000000000001        6.4513278027925297E-004
   9.6899999999999995        6.1209642130361029E-004
   9.7199999999999989        5.8078071258357822E-004
   9.7500000000000000        5.5109562046610507E-004
   9.7799999999999994        5.2295573167247735E-004
   9.8100000000000005        4.9628003184297822E-004
   9.8399999999999999        4.7099169279067197E-004
   9.8699999999999992        4.4701786834001005E-004
   9.9000000000000004        4.2428949859941794E-004
   9.9299999999999997        4.0274112249464217E-004
   9.9599999999999991        3.8231069837102991E-004
   9.9900000000000002        3.6293943245792901E-004
   10.020000000000000        3.4457161497638850E-004
   10.049999999999999        3.2715446366203213E-004
   10.080000000000000        3.1063797446833274E-004
   10.109999999999999        2.9497477921063090E-004
   10.139999999999999        2.8012000990876204E-004
   10.170000000000000        2.6603116958480666E-004
   10.199999999999999        2.5266800927296304E-004
   10.230000000000000        2.3999241100004245E-004
   10.260000000000000        2.2796827649776400E-004
   10.289999999999999        2.1656142141148960E-004
   10.320000000000000        2.0573947477444876E-004
   10.350000000000000        1.9547178352132357E-004
   10.379999999999999        1.8572932182056221E-004
   10.410000000000000        1.7648460501067329E-004
   10.440000000000000        1.6771160793188438E-004
   10.469999999999999        1.5938568745102675E-004
   10.500000000000000        1.5148350898410367E-004
   10.529999999999999        1.4398297682771609E-004
   10.559999999999999        1.3686316811733611E-004
   10.590000000000000        1.3010427023716731E-004
   10.619999999999999        1.2368752151319465E-004
   10.650000000000000        1.1759515502763789E-004
   10.680000000000000        1.1181034539975371E-004
   10.709999999999999        1.0631715838440752E-004
   10.740000000000000        1.0110050314620759E-004
   10.770000000000000        9.6146087073289711E-005
   10.799999999999999        9.1440373000873737E-005
   10.830000000000000        8.6970538720640365E-005
   10.859999999999999        8.2724438657706068E-005
   10.889999999999999        7.8690567602514002E-005
   10.920000000000000        7.4858026390306831E-005
   10.949999999999999        7.1216489426016889E-005
   10.980000000000000        6.7756173957367547E-005
   11.010000000000000        6.4467811003765464E-005
   11.039999999999999        6.1342617853133479E-005
   11.070000000000000        5.8372272043245565E-005
   11.100000000000000        5.5548886748324553E-005
   11.129999999999999        5.2864987495689672E-005
   11.160000000000000        5.0313490141102060E-005
   11.190000000000000        4.7887680035114846E-005
   11.219999999999999        4.5581192316271377E-005
   11.250000000000000        4.3387993270299204E-005
   11.279999999999999        4.1302362697674756E-005
   11.309999999999999        3.9318877234946541E-005
   11.340000000000000        3.7432394578090758E-005
   11.369999999999999        3.5638038558933844E-005
   11.400000000000000        3.3931185028265391E-005
   11.430000000000000        3.2307448501771530E-005
   11.459999999999999        3.0762669527243144E-005
   11.490000000000000        2.9292902733777460E-005
   11.520000000000000        2.7894405525783493E-005
   11.549999999999999        2.6563627386641082E-005
   11.580000000000000        2.5297199758742908E-005
   11.609999999999999        2.4091926468477223E-005
   11.639999999999999        2.2944774666407017E-005
   11.670000000000000        2.1852866254530212E-005
   11.699999999999999        2.0813469774037622E-005
   11.730000000000000        1.9823992728439055E-005
   11.760000000000000        1.8881974318305893E-005
   11.789999999999999        1.7985078565178267E-005
   11.820000000000000        1.7131087803417385E-005
   11.850000000000000        1.6317896519949620E-005
   11.879999999999999        1.5543505522947715E-005
   11.910000000000000        1.4806016421539267E-005
   11.940000000000000        1.4103626399620112E-005
   11.969999999999999        1.3434623267771282E-005
   12.000000000000000        1.2797380778176739E-005
   12.029999999999999        1.2190354188245277E-005
   12.059999999999999        1.1612076059455800E-005
   12.090000000000000        1.1061152278662895E-005
   12.119999999999999        1.0536258289817013E-005
   12.150000000000000        1.0036135524708873E-005
   12.180000000000000        9.5595880219798269E-006
   12.209999999999999        9.1054792242292439E-006
   12.240000000000000        8.6727289436053106E-006
   12.270000000000000        8.2603104868030080E-006
   12.299999999999999        7.8672479308846266E-006
   12.330000000000000        7.4926135418088715E-006
   12.359999999999999        7.1355253280064409E-006
   12.389999999999999        6.7951447217556613E-006
   12.420000000000000        6.4706743815055472E-006
   12.449999999999999        6.1613561086792074E-006
   12.480000000000000        5.8664688728318696E-006
   12.510000000000000        5.5853269393841109E-006
   12.539999999999999        5.3172780944556710E-006
   12.570000000000000        5.0617019616364351E-006
   12.600000000000000        4.8180084058005810E-006
   12.629999999999999        4.5856360193430239E-006
   12.660000000000000        4.3640506864708270E-006
   12.690000000000000        4.1527442214106995E-006
   12.719999999999999        3.9512330766300194E-006
   12.750000000000000        3.7590571173699864E-006
   12.779999999999999        3.5757784589981950E-006
   12.809999999999999        3.4009803638705315E-006
   12.840000000000000        3.2342661945761811E-006
   12.869999999999999        3.0752584206053325E-006
   12.900000000000000        2.9235976756406644E-006
   12.930000000000000        2.7789418628218153E-006
   12.959999999999999        2.6409653054786177E-006
   12.990000000000000        2.5093579409586045E-006
   13.020000000000000        2.3838245553077785E-006
   13.049999999999999        2.2640840566759308E-006
   13.080000000000000        2.1498687854396551E-006
   13.109999999999999        2.0409238591380474E-006
   13.139999999999999        1.9370065504200272E-006
   13.170000000000000        1.8378856962973009E-006
   13.199999999999999        1.7433411370896298E-006
   13.229999999999999        1.6531631835315613E-006
   13.260000000000000        1.5671521105943024E-006
   13.289999999999999        1.4851176766526229E-006
   13.320000000000000        1.4068786666957066E-006
   13.350000000000000        1.3322624583552500E-006
   13.379999999999999        1.2611046095850234E-006
   13.410000000000000        1.1932484668878266E-006
   13.440000000000000        1.1285447930464833E-006
   13.469999999999999        1.0668514133671197E-006
   13.500000000000000        1.0080328794980103E-006
   13.529999999999999        9.5196014993410806E-007
   13.559999999999999        8.9851028636598123E-007
   13.590000000000000        8.4756616507371317E-007
   13.619999999999999        7.9901620261136403E-007
   13.650000000000000        7.5275409506326377E-007
   13.680000000000000        7.0867857019328822E-007
   13.709999999999999        6.6669315184391231E-007
   13.740000000000000        6.2670593597348375E-007
   13.770000000000000        5.8862937775294602E-007
   13.799999999999999        5.5238008917487120E-007
   13.830000000000000        5.1787864665246566E-007
   13.859999999999999        4.8504940811715597E-007
   13.889999999999999        4.5382033914630015E-007
   13.920000000000000        4.2412284767809516E-007
   13.949999999999999        3.9589162689264477E-007
   13.979999999999999        3.6906450586168374E-007
   14.010000000000000        3.4358230758753801E-007
   14.039999999999999        3.1938871407421994E-007
   14.070000000000000        2.9643013808997993E-007
   14.100000000000000        2.7465560129900266E-007
   14.129999999999999        2.5401661845725460E-007
   14.160000000000000        2.3446708738181641E-007
   14.190000000000000        2.1596318441955193E-007
   14.219999999999999        1.9846326515418057E-007
   14.250000000000000        1.8192777010489614E-007
   14.279999999999999        1.6631913518224926E-007
   14.309999999999999        1.5160170667907836E-007
   14.340000000000000        1.3774166058643167E-007
   14.369999999999999        1.2470692603454489E-007
   14.399999999999999        1.1246711267007616E-007
   14.430000000000000        1.0099344179034705E-007
   14.459999999999999        9.0258681064983887E-008
   14.490000000000000        8.0237082684098390E-008
   14.520000000000000        7.0904324780977792E-008
   14.549999999999999        6.2237455984767426E-008
   14.580000000000000        5.4214842967338839E-008
   14.609999999999999        4.6816120854710658E-008
   14.639999999999999        4.0022146381356348E-008
   14.670000000000000        3.3814953671908525E-008
   14.699999999999999        2.8177712541062101E-008
   14.729999999999999        2.3094689209013065E-008
   14.760000000000000        1.8551209334862596E-008
   14.789999999999999        1.4533623276796160E-008
   14.820000000000000        1.1029273493666298E-008
   14.850000000000000        8.0264640221201786E-009
   14.879999999999999        5.5144321265492156E-009
   14.910000000000000        3.4833239100336528E-009
   14.940000000000000        1.9241919781969931E-009
   14.969999999999999        8.2916110001489576E-010
   15.000000000000000        1.9232469170279988E-010
