   0.0000000000000000        0.0000000000000000     
   1.0000000000000000E-002   4.2148264400155254E-003
   2.0000000000000000E-002   8.4292784947760518E-003
   2.9999999999999999E-002   1.2642981812281693E-002
   4.0000000000000001E-002   1.6855562107039722E-002
   5.0000000000000003E-002   2.1066645193310796E-002
   6.0000000000000005E-002   2.5275857018346285E-002
   7.0000000000000007E-002   2.9482823695613794E-002
   8.0000000000000002E-002   3.3687171538007946E-002
   8.9999999999999997E-002   3.7888527091043421E-002
   9.9999999999999992E-002   4.2086517166027321E-002
  0.10999999999999999        4.6280768873207992E-002
  0.11999999999999998        5.0470909654897214E-002
  0.12999999999999998        5.4656567318562929E-002
  0.13999999999999999        5.8837370069889559E-002
  0.14999999999999999        6.3012946545802903E-002
  0.16000000000000000        6.7182925847456776E-002
  0.17000000000000001        7.1346937573178365E-002
  0.18000000000000002        7.5504611851369433E-002
  0.19000000000000003        7.9655579373360513E-002
  0.20000000000000004        8.3799471426214980E-002
  0.21000000000000005        8.7935919925480305E-002
  0.22000000000000006        9.2064557447883416E-002
  0.23000000000000007        9.6185017263967360E-002
  0.24000000000000007       0.10029693337066638     
  0.25000000000000006       0.10439994052381633     
  0.26000000000000006       0.10849367427059789     
  0.27000000000000007       0.11257777098190928     
  0.28000000000000008       0.11665186788466596     
  0.29000000000000009       0.12071560309402417     
  0.30000000000000010       0.12476861564552567     
  0.31000000000000011       0.12881054552716073     
  0.32000000000000012       0.13284103371134642     
  0.33000000000000013       0.13685972218681752     
  0.34000000000000014       0.14086625399042715     
  0.35000000000000014       0.14486027323885439     
  0.36000000000000015       0.14884142516021573     
  0.37000000000000016       0.15280935612557808     
  0.38000000000000017       0.15676371368037018     
  0.39000000000000018       0.16070414657568946     
  0.40000000000000019       0.16463030479950222     
  0.41000000000000020       0.16854183960773356     
  0.42000000000000021       0.17243840355524487     
  0.43000000000000022       0.17631965052669607     
  0.44000000000000022       0.18018523576728937     
  0.45000000000000023       0.18403481591339252     
  0.46000000000000024       0.18786804902303825     
  0.47000000000000025       0.19168459460629761     
  0.48000000000000026       0.19548411365552429     
  0.49000000000000027       0.19926626867546710     
  0.50000000000000022       0.20303072371324837     
  0.51000000000000023       0.20677714438820519     
  0.52000000000000024       0.21050519792159100     
  0.53000000000000025       0.21421455316613502     
  0.54000000000000026       0.21790488063545652     
  0.55000000000000027       0.22157585253333187     
  0.56000000000000028       0.22522714278281117     
  0.57000000000000028       0.22885842705518228     
  0.58000000000000029       0.23246938279877971     
  0.59000000000000030       0.23605968926763546     
  0.60000000000000031       0.23962902754996934     
  0.61000000000000032       0.24317708059651691     
  0.62000000000000033       0.24670353324869138     
  0.63000000000000034       0.25020807226657782     
  0.64000000000000035       0.25369038635675711     
  0.65000000000000036       0.25715016619995662     
  0.66000000000000036       0.26058710447852595     
  0.67000000000000037       0.26400089590373443     
  0.68000000000000038       0.26739123724288877     
  0.69000000000000039       0.27075782734626797     
  0.70000000000000040       0.27410036717387298     
  0.71000000000000041       0.27741855982198954     
  0.72000000000000042       0.28071211054956047     
  0.73000000000000043       0.28398072680436648     
  0.74000000000000044       0.28722411824901239     
  0.75000000000000044       0.29044199678671645     
  0.76000000000000045       0.29363407658690083     
  0.77000000000000046       0.29680007411058079     
  0.78000000000000047       0.29993970813555010     
  0.79000000000000048       0.30305269978136101     
  0.80000000000000049       0.30613877253409594     
  0.81000000000000050       0.30919765227092894     
  0.82000000000000051       0.31222906728447503     
  0.83000000000000052       0.31523274830692483     
  0.84000000000000052       0.31820842853396231     
  0.85000000000000053       0.32115584364846406     
  0.86000000000000054       0.32407473184397723     
  0.87000000000000055       0.32696483384797509     
  0.88000000000000056       0.32982589294488679     
  0.89000000000000057       0.33265765499890038     
  0.90000000000000058       0.33545986847653664     
  0.91000000000000059       0.33823228446899190     
  0.92000000000000060       0.34097465671424720     
  0.93000000000000060       0.34368674161894314     
  0.94000000000000061       0.34636829828001692     
  0.95000000000000062       0.34901908850610086     
  0.96000000000000063       0.35163887683867995     
  0.97000000000000064       0.35422743057300660     
  0.98000000000000065       0.35678451977877085     
  0.99000000000000066       0.35930991732052403     
   1.0000000000000007       0.36180339887785451     
   1.0100000000000007       0.36426474296531275     
   1.0200000000000007       0.36669373095208513     
   1.0300000000000007       0.36909014708141402     
   1.0400000000000007       0.37145377848976252     
   1.0500000000000007       0.37378441522572214     
   1.0600000000000007       0.37608185026866209     
   1.0700000000000007       0.37834587954711779     
   1.0800000000000007       0.38057630195691788     
   1.0900000000000007       0.38277291937904745     
   1.1000000000000008       0.38493553669724595     
   1.1100000000000008       0.38706396181533875     
   1.1200000000000008       0.38915800567430003     
   1.1300000000000008       0.39121748226904629     
   1.1400000000000008       0.39324220866495829     
   1.1500000000000008       0.39523200501413031     
   1.1600000000000008       0.39718669457134553     
   1.1700000000000008       0.39910610370977523     
   1.1800000000000008       0.40099006193640152     
   1.1900000000000008       0.40283840190716141     
   1.2000000000000008       0.40465095944181145     
   1.2100000000000009       0.40642757353851100     
   1.2200000000000009       0.40816808638812346     
   1.2300000000000009       0.40987234338823370     
   1.2400000000000009       0.41154019315688078     
   1.2500000000000009       0.41317148754600458     
   1.2600000000000009       0.41476608165460510     
   1.2700000000000009       0.41632383384161359     
   1.2800000000000009       0.41784460573847365     
   1.2900000000000009       0.41932826226143222     
   1.3000000000000009       0.42077467162353815     
   1.3100000000000009       0.42218370534634875     
   1.3200000000000010       0.42355523827134151     
   1.3300000000000010       0.42488914857103177     
   1.3400000000000010       0.42618531775979374     
   1.3500000000000010       0.42744363070438562     
   1.3600000000000010       0.42866397563417608     
   1.3700000000000010       0.42984624415107209     
   1.3800000000000010       0.43099033123914809     
   1.3900000000000010       0.43209613527397361     
   1.4000000000000010       0.43316355803164053     
   1.4100000000000010       0.43419250469748749     
   1.4200000000000010       0.43518288387452214     
   1.4300000000000010       0.43613460759153960     
   1.4400000000000011       0.43704759131093629     
   1.4500000000000011       0.43792175393621929     
   1.4600000000000011       0.43875701781920973     
   1.4700000000000011       0.43955330876693993     
   1.4800000000000011       0.44031055604824371     
   1.4900000000000011       0.44102869240003900     
   1.5000000000000011       0.44170765403330281     
   1.5100000000000011       0.44234738063873691     
   1.5200000000000011       0.44294781539212530     
   1.5300000000000011       0.44350890495938156     
   1.5400000000000011       0.44403059950128587     
   1.5500000000000012       0.44451285267791252     
   1.5600000000000012       0.44495562165274599     
   1.5700000000000012       0.44535886709648576     
   1.5800000000000012       0.44572255319053994     
   1.5900000000000012       0.44604664763020685     
   1.6000000000000012       0.44633112162754429     
   1.6100000000000012       0.44657594991392707     
   1.6200000000000012       0.44678111074229110     
   1.6300000000000012       0.44694658588906538     
   1.6400000000000012       0.44707236065579053     
   1.6500000000000012       0.44715842387042459     
   1.6600000000000013       0.44720476788833513     
   1.6700000000000013       0.44721138859297860     
   1.6800000000000013       0.44717828539626575     
   1.6900000000000013       0.44710546123861383     
   1.7000000000000013       0.44699292258868562     
   1.7100000000000013       0.44684067944281469     
   1.7200000000000013       0.44664874532411764     
   1.7300000000000013       0.44641713728129256     
   1.7400000000000013       0.44614587588710514     
   1.7500000000000013       0.44583498523656073     
   1.7600000000000013       0.44548449294476461     
   1.7700000000000014       0.44509443014446870     
   1.7800000000000014       0.44466483148330621     
   1.7900000000000014       0.44419573512071431     
   1.8000000000000014       0.44368718272454427     
   1.8100000000000014       0.44313921946736046     
   1.8200000000000014       0.44255189402242767     
   1.8300000000000014       0.44192525855938797     
   1.8400000000000014       0.44125936873962646     
   1.8500000000000014       0.44055428371132710     
   1.8600000000000014       0.43981006610421897     
   1.8700000000000014       0.43902678202401318     
   1.8800000000000014       0.43820450104653064     
   1.8900000000000015       0.43734329621152235     
   1.9000000000000015       0.43644324401618140     
   1.9100000000000015       0.43550442440834786     
   1.9200000000000015       0.43452692077940774     
   1.9300000000000015       0.43351081995688528     
   1.9400000000000015       0.43245621219673086     
   1.9500000000000015       0.43136319117530347     
   1.9600000000000015       0.43023185398105024     
   1.9700000000000015       0.42906230110588223     
   1.9800000000000015       0.42785463643624833     
   1.9900000000000015       0.42660896724390740     
   2.0000000000000013       0.42532540417639964     
   2.0100000000000011       0.42400406124721829     
   2.0200000000000009       0.42264505582568257     
   2.0300000000000007       0.42124850862651192     
   2.0400000000000005       0.41981454369910354     
   2.0500000000000003       0.41834328841651364     
   2.0600000000000001       0.41683487346414333     
   2.0699999999999998       0.41528943282813047     
   2.0799999999999996       0.41370710378344827     
   2.0899999999999994       0.41208802688171170     
   2.0999999999999992       0.41043234593869271     
   2.1099999999999990       0.40874020802154615     
   2.1199999999999988       0.40701176343574580     
   2.1299999999999986       0.40524716571173386     
   2.1399999999999983       0.40344657159128328     
   2.1499999999999981       0.40161014101357506     
   2.1599999999999979       0.39973803710099154     
   2.1699999999999977       0.39783042614462688     
   2.1799999999999975       0.39588747758951631     
   2.1899999999999973       0.39390936401958471     
   2.1999999999999971       0.39189626114231702     
   2.2099999999999969       0.38984834777315092     
   2.2199999999999966       0.38776580581959297     
   2.2299999999999964       0.38564882026506092     
   2.2399999999999962       0.38349757915245247     
   2.2499999999999960       0.38131227356744185     
   2.2599999999999958       0.37909309762150684     
   2.2699999999999956       0.37684024843468639     
   2.2799999999999954       0.37455392611807153     
   2.2899999999999952       0.37223433375603010     
   2.2999999999999949       0.36988167738816791     
   2.3099999999999947       0.36749616599102680     
   2.3199999999999945       0.36507801145952234     
   2.3299999999999943       0.36262742858812202     
   2.3399999999999941       0.36014463505176603     
   2.3499999999999939       0.35762985138653197     
   2.3599999999999937       0.35508330097004576     
   2.3699999999999934       0.35250521000163987     
   2.3799999999999932       0.34989580748226079     
   2.3899999999999930       0.34725532519412816     
   2.3999999999999928       0.34458399768014636     
   2.4099999999999926       0.34188206222307110     
   2.4199999999999924       0.33914975882443249     
   2.4299999999999922       0.33638733018321687     
   2.4399999999999920       0.33359502167430877     
   2.4499999999999917       0.33077308132669536     
   2.4599999999999915       0.32792175980143512     
   2.4699999999999913       0.32504131036939243     
   2.4799999999999911       0.32213198888874106     
   2.4899999999999909       0.31919405378223681     
   2.4999999999999907       0.31622776601426328     
   2.5099999999999905       0.31323338906765147     
   2.5199999999999902       0.31021118892027549     
   2.5299999999999900       0.30716143402142715     
   2.5399999999999898       0.30408439526797054     
   2.5499999999999896       0.30098034598027945     
   2.5599999999999894       0.29784956187795958     
   2.5699999999999892       0.29469232105535742     
   2.5799999999999890       0.29150890395685830     
   2.5899999999999888       0.28829959335197575     
   2.5999999999999885       0.28506467431023430     
   2.6099999999999883       0.28180443417584783     
   2.6199999999999881       0.27851916254219611     
   2.6299999999999879       0.27520915122610140     
   2.6399999999999877       0.27187469424190758     
   2.6499999999999875       0.26851608777536429     
   2.6599999999999873       0.26513363015731756     
   2.6699999999999871       0.26172762183721082     
   2.6799999999999868       0.25829836535639689     
   2.6899999999999866       0.25484616532126469     
   2.6999999999999864       0.25137132837618242     
   2.7099999999999862       0.24787416317625935     
   2.7199999999999860       0.24435498035992945     
   2.7299999999999858       0.24081409252135877     
   2.7399999999999856       0.23725181418267891     
   2.7499999999999853       0.23366846176604933     
   2.7599999999999851       0.23006435356555105     
   2.7699999999999849       0.22643980971891370     
   2.7799999999999847       0.22279515217907925     
   2.7899999999999845       0.21913070468560414     
   2.7999999999999843       0.21544679273590300     
   2.8099999999999841       0.21174374355633585     
   2.8199999999999839       0.20802188607314231     
   2.8299999999999836       0.20428155088322419     
   2.8399999999999834       0.20052307022478005     
   2.8499999999999832       0.19674677794779388     
   2.8599999999999830       0.19295300948438060     
   2.8699999999999828       0.18914210181899113     
   2.8799999999999826       0.18531439345847933     
   2.8899999999999824       0.18147022440203400     
   2.8999999999999821       0.17760993611097808     
   2.9099999999999819       0.17373387147843822     
   2.9199999999999817       0.16984237479888684     
   2.9299999999999815       0.16593579173756001     
   2.9399999999999813       0.16201446929975358     
   2.9499999999999811       0.15807875579999989     
   2.9599999999999809       0.15412900083112871     
   2.9699999999999807       0.15016555523321423     
   2.9799999999999804       0.14618877106241154     
   2.9899999999999802       0.14219900155968487     
   2.9999999999999800       0.13819660111943066     
   3.0099999999999798       0.13418192525799830     
   3.0199999999999796       0.13015533058211110     
   3.0299999999999794       0.12611717475719034     
   3.0399999999999792       0.12206781647558537     
   3.0499999999999790       0.11800761542471262     
   3.0599999999999787       0.11393693225510591     
   3.0699999999999785       0.10985612854838146     
   3.0799999999999783       0.10576556678512013     
   3.0899999999999781       0.10166561031266975     
   3.0999999999999779        9.7556623312870586E-002
   3.1099999999999777        9.3438970769706545E-002
   3.1199999999999775        8.9313018436885175E-002
   3.1299999999999772        8.5179132805349375E-002
   3.1399999999999770        8.1037681070723455E-002
   3.1499999999999768        7.6889031100696809E-002
   3.1599999999999766        7.2733551402347663E-002
   3.1699999999999764        6.8571611089410234E-002
   3.1799999999999762        6.4403579849487899E-002
   3.1899999999999760        6.0229827911215346E-002
   3.1999999999999758        5.6050726011372794E-002
   3.2099999999999755        5.1866645361954976E-002
   3.2199999999999753        4.7677957617197959E-002
   3.2299999999999751        4.3485034840566643E-002
   3.2399999999999749        3.9288249471705949E-002
   3.2499999999999747        3.5087974293358581E-002
   3.2599999999999745        3.0884582398252296E-002
   3.2699999999999743        2.6678447155959663E-002
   3.2799999999999740        2.2469942179733193E-002
   3.2899999999999738        1.8259441293318874E-002
   3.2999999999999736        1.4047318497750986E-002
   3.3099999999999734        9.8339479381311518E-003
   3.3199999999999732        5.6197038703946090E-003
   3.3299999999999730        1.4049606280666430E-003
   3.3399999999999728       -2.8099074109878921E-003
   3.3499999999999726       -7.0245258578189732E-003
   3.3599999999999723       -1.1238520345646803E-002
   3.3699999999999721       -1.5451516563115227E-002
   3.3799999999999719       -1.9663140287540241E-002
   3.3899999999999717       -2.3873017418150604E-002
   3.3999999999999715       -2.8080774009317647E-002
   3.4099999999999713       -3.2286036303771255E-002
   3.4199999999999711       -3.6488430765799190E-002
   3.4299999999999708       -4.0687584114426668E-002
   3.4399999999999706       -4.4883123356573323E-002
   3.4499999999999704       -4.9074675820184648E-002
   3.4599999999999702       -5.3261869187334832E-002
   3.4699999999999700       -5.7444331527298241E-002
   3.4799999999999698       -6.1621691329586399E-002
   3.4899999999999696       -6.5793577536947784E-002
   3.4999999999999694       -6.9959619578327151E-002
   3.5099999999999691       -7.4119447401781918E-002
   3.5199999999999689       -7.8272691507352277E-002
   3.5299999999999687       -8.2418982979882288E-002
   3.5399999999999685       -8.6557953521789063E-002
   3.5499999999999683       -9.0689235485777162E-002
   3.5599999999999681       -9.4812461907495010E-002
   3.5699999999999679       -9.8927266538130942E-002
   3.5799999999999677      -0.10303328387694544     
   3.5899999999999674      -0.10713014920373706     
   3.5999999999999672      -0.11121749861123902     
   3.6099999999999670      -0.11529496903744342     
   3.6199999999999668      -0.11936219829785069     
   3.6299999999999666      -0.12341882511764081     
   3.6399999999999664      -0.12746448916376377     
   3.6499999999999662      -0.13149883107694657     
   3.6599999999999659      -0.13552149250361353     
   3.6699999999999657      -0.13953211612771727     
   3.6799999999999655      -0.14353034570247769     
   3.6899999999999653      -0.14751582608202579     
   3.6999999999999651      -0.15148820325294979     
   3.7099999999999649      -0.15544712436574068     
   3.7199999999999647      -0.15939223776613437     
   3.7299999999999645      -0.16332319302634757     
   3.7399999999999642      -0.16723964097620486     
   3.7499999999999640      -0.17114123373415410     
   3.7599999999999638      -0.17502762473816705     
   3.7699999999999636      -0.17889846877652330     
   3.7799999999999634      -0.18275342201847369     
   3.7899999999999632      -0.18659214204478158     
   3.7999999999999630      -0.19041428787813836     
   3.8099999999999627      -0.19421952001345108     
   3.8199999999999625      -0.19800750044799922     
   3.8299999999999623      -0.20177789271145810     
   3.8399999999999621      -0.20553036189578611     
   3.8499999999999619      -0.20926457468497311     
   3.8599999999999617      -0.21298019938464760     
   3.8699999999999615      -0.21667690595153963     
   3.8799999999999613      -0.22035436602279718     
   3.8899999999999610      -0.22401225294515326     
   3.8999999999999608      -0.22765024180394122     
   3.9099999999999606      -0.23126800945195536     
   3.9199999999999604      -0.23486523453815486     
   3.9299999999999602      -0.23844159753620811     
   3.9399999999999600      -0.24199678077287470     
   3.9499999999999598      -0.24553046845622309     
   3.9599999999999596      -0.24904234670368111     
   3.9699999999999593      -0.25253210356991684     
   3.9799999999999591      -0.25599942907454720     
   3.9899999999999589      -0.25944401522967259     
   3.9999999999999587      -0.26286555606723361     
   4.0099999999999589      -0.26626374766618949     
   4.0199999999999587      -0.26963828817951357     
   4.0299999999999585      -0.27298887786100573     
   4.0399999999999583      -0.27631521909191681     
   4.0499999999999581      -0.27961701640738562     
   4.0599999999999579      -0.28289397652268311     
   4.0699999999999577      -0.28614580835926423     
   4.0799999999999574      -0.28937222307062277     
   4.0899999999999572      -0.29257293406794871     
   4.0999999999999570      -0.29574765704558431     
   4.1099999999999568      -0.29889611000627819     
   4.1199999999999566      -0.30201801328623368     
   4.1299999999999564      -0.30511308957995037     
   4.1399999999999562      -0.30818106396485573     
   4.1499999999999559      -0.31122166392572553     
   4.1599999999999557      -0.31423461937889030     
   4.1699999999999555      -0.31721966269622537     
   4.1799999999999553      -0.32017652872892355     
   4.1899999999999551      -0.32310495483104690     
   4.1999999999999549      -0.32600468088285656     
   4.2099999999999547      -0.32887544931391804     
   4.2199999999999545      -0.33171700512598035     
   4.2299999999999542      -0.33452909591562596     
   4.2399999999999540      -0.33731147189669120     
   4.2499999999999538      -0.34006388592245346     
   4.2599999999999536      -0.34278609350758427     
   4.2699999999999534      -0.34547785284986576     
   4.2799999999999532      -0.34813892485166920     
   4.2899999999999530      -0.35076907314119271     
   4.2999999999999527      -0.35336806409345756     
   4.3099999999999525      -0.35593566685105960     
   4.3199999999999523      -0.35847165334467584     
   4.3299999999999521      -0.36097579831332260     
   4.3399999999999519      -0.36344787932436451     
   4.3499999999999517      -0.36588767679327228     
   4.3599999999999515      -0.36829497400312772     
   4.3699999999999513      -0.37066955712387334     
   4.3799999999999510      -0.37301121523130626     
   4.3899999999999508      -0.37531974032581367     
   4.3999999999999506      -0.37759492735084860     
   4.4099999999999504      -0.37983657421114408     
   4.4199999999999502      -0.38204448179066458     
   4.4299999999999500      -0.38421845397029247     
   4.4399999999999498      -0.38635829764524870     
   4.4499999999999496      -0.38846382274224522     
   4.4599999999999493      -0.39053484223636864     
   4.4699999999999491      -0.39257117216769261     
   4.4799999999999489      -0.39457263165761830     
   4.4899999999999487      -0.39653904292494124     
   4.4999999999999485      -0.39847023130164266     
   4.5099999999999483      -0.40036602524840459     
   4.5199999999999481      -0.40222625636984710     
   4.5299999999999478      -0.40405075942948582     
   4.5399999999999476      -0.40583937236440953     
   4.5499999999999474      -0.40759193629967555     
   4.5599999999999472      -0.40930829556242154     
   4.5699999999999470      -0.41098829769569362     
   4.5799999999999468      -0.41263179347198842     
   4.5899999999999466      -0.41423863690650820     
   4.5999999999999464      -0.41580868527012815     
   4.6099999999999461      -0.41734179910207442     
   4.6199999999999459      -0.41883784222231191     
   4.6299999999999457      -0.42029668174364038     
   4.6399999999999455      -0.42171818808349837     
   4.6499999999999453      -0.42310223497547350     
   4.6599999999999451      -0.42444869948051817     
   4.6699999999999449      -0.42575746199786957     
   4.6799999999999446      -0.42702840627567351     
   4.6899999999999444      -0.42826141942131057     
   4.6999999999999442      -0.42945639191142365     
   4.7099999999999440      -0.43061321760164684     
   4.7199999999999438      -0.43173179373603338     
   4.7299999999999436      -0.43281202095618337     
   4.7399999999999434      -0.43385380331006912     
   4.7499999999999432      -0.43485704826055810     
   4.7599999999999429      -0.43582166669363309     
   4.7699999999999427      -0.43674757292630739     
   4.7799999999999425      -0.43763468471423561     
   4.7899999999999423      -0.43848292325901950     
   4.7999999999999421      -0.43929221321520673     
   4.8099999999999419      -0.44006248269698417     
   4.8199999999999417      -0.44079366328456265     
   4.8299999999999415      -0.44148569003025456     
   4.8399999999999412      -0.44213850146424305     
   4.8499999999999410      -0.44275203960004178     
   4.8599999999999408      -0.44332624993964620     
   4.8699999999999406      -0.44386108147837361     
   4.8799999999999404      -0.44435648670939443     
   4.8899999999999402      -0.44481242162795154     
   4.8999999999999400      -0.44522884573526911     
   4.9099999999999397      -0.44560572204215021     
   4.9199999999999395      -0.44594301707226208     
   4.9299999999999393      -0.44624070086510992     
   4.9399999999999391      -0.44649874697869801     
   4.9499999999999389      -0.44671713249187839     
   4.9599999999999387      -0.44689583800638721     
   4.9699999999999385      -0.44703484764856732     
   4.9799999999999383      -0.44713414907077847     
   4.9899999999999380      -0.44719373345249430     
   4.9999999999999378      -0.44721359550108536     
   5.0099999999999376      -0.44719373345228969     
   5.0199999999999374      -0.44713414907036930     
   5.0299999999999372      -0.44703484764795365     
   5.0399999999999370      -0.44689583800556903     
   5.0499999999999368      -0.44671713249085582     
   5.0599999999999365      -0.44649874697747105     
   5.0699999999999363      -0.44624070086367873     
   5.0799999999999361      -0.44594301707062683     
   5.0899999999999359      -0.44560572204031101     
   5.0999999999999357      -0.44522884573322613     
   5.1099999999999355      -0.44481242162570500     
   5.1199999999999353      -0.44435648670694455     
   5.1299999999999351      -0.44386108147572068     
   5.1399999999999348      -0.44332624993679032     
   5.1499999999999346      -0.44275203959698328     
   5.1599999999999344      -0.44213850146098216     
   5.1699999999999342      -0.44148569002679172     
   5.1799999999999340      -0.44079366328089814     
   5.1899999999999338      -0.44006248269311826     
   5.1999999999999336      -0.43929221321113981     
   5.2099999999999334      -0.43848292325475191     
   5.2199999999999331      -0.43763468470976774     
   5.2299999999999329      -0.43674757292163963     
   5.2399999999999327      -0.43582166668876599     
   5.2499999999999325      -0.43485704825549198     
   5.2599999999999323      -0.43385380330480450     
   5.2699999999999321      -0.43281202095072085     
   5.2799999999999319      -0.43173179373037340     
   5.2899999999999316      -0.43061321759578980     
   5.2999999999999314      -0.42945639190537016     
   5.3099999999999312      -0.42826141941506124     
   5.3199999999999310      -0.42702840626922894     
   5.3299999999999308      -0.42575746199123027     
   5.3399999999999306      -0.42444869947368480     
   5.3499999999999304      -0.42310223496844668     
   5.3599999999999302      -0.42171818807627881     
   5.3699999999999299      -0.42029668173622864     
   5.3799999999999297      -0.41883784221470871     
   5.3899999999999295      -0.41734179909428049     
   5.3999999999999293      -0.41580868526214415     
   5.4099999999999291      -0.41423863689833496     
   5.4199999999999289      -0.41263179346362666     
   5.4299999999999287      -0.41098829768714418     
   5.4399999999999284      -0.40930829555368514     
   5.4499999999999282      -0.40759193629075297     
   5.4599999999999280      -0.40583937235530165     
   5.4699999999999278      -0.40405075942019342     
   5.4799999999999276      -0.40222625636037107     
   5.4899999999999274      -0.40036602523874587     
   5.4999999999999272      -0.39847023129180209     
   5.5099999999999270      -0.39653904291491970     
   5.5199999999999267      -0.39457263164741674     
   5.5299999999999265      -0.39257117215731197     
   5.5399999999999263      -0.39053484222580992     
   5.5499999999999261      -0.38846382273150942     
   5.5599999999999259      -0.38635829763433671     
   5.5699999999999257      -0.38421845395920540     
   5.5799999999999255      -0.38204448177940337     
   5.5899999999999253      -0.37983657419970984     
   5.5999999999999250      -0.37759492733924244     
   5.6099999999999248      -0.37531974031403659     
   5.6199999999999246      -0.37301121521935937     
   5.6299999999999244      -0.37066955711175770     
   5.6399999999999242      -0.36829497399084449     
   5.6499999999999240      -0.36588767678082262     
   5.6599999999999238      -0.36344787931174949     
   5.6699999999999235      -0.36097579830054349     
   5.6799999999999233      -0.35847165333173375     
   5.6899999999999231      -0.35593566683795580     
   5.6999999999999229      -0.35336806408019322     
   5.7099999999999227      -0.35076907312776912     
   5.7199999999999225      -0.34813892483808756     
   5.7299999999999223      -0.34547785283612731     
   5.7399999999999221      -0.34278609349369027     
   5.7499999999999218      -0.34006388590840525     
   5.7599999999999216      -0.33731147188249005     
   5.7699999999999214      -0.33452909590127317     
   5.7799999999999212      -0.33171700511147728     
   5.7899999999999210      -0.32887544929926604     
   5.7999999999999208      -0.32600468086805695     
   5.8099999999999206      -0.32310495481610113     
   5.8199999999999203      -0.32017652871383295     
   5.8299999999999201      -0.31721966268099133     
   5.8399999999999199      -0.31423461936351421     
   5.8499999999999197      -0.31122166391020889     
   5.8599999999999195      -0.30818106394919981     
   5.8699999999999193      -0.30511308956415673     
   5.8799999999999191      -0.30201801327030381     
   5.8899999999999189      -0.29889610999021349     
   5.8999999999999186      -0.29574765702938627     
   5.9099999999999184      -0.29257293405161883     
   5.9199999999999182      -0.28937222305416266     
   5.9299999999999180      -0.28614580834267533     
   5.9399999999999178      -0.28289397650596698     
   5.9499999999999176      -0.27961701639054376     
   5.9599999999999174      -0.27631521907495094     
   5.9699999999999172      -0.27298887784391723     
   5.9799999999999169      -0.26963828816230417     
   5.9899999999999167      -0.26626374764886068     
   5.9999999999999165      -0.26286555604978706     
   6.0099999999999163      -0.25944401521210986     
   6.0199999999999161      -0.25599942905686995     
   6.0299999999999159      -0.25253210355212669     
   6.0399999999999157      -0.24904234668577974     
   6.0499999999999154      -0.24553046843821211     
   6.0599999999999152      -0.24199678075475581     
   6.0699999999999150      -0.23844159751798299     
   6.0799999999999148      -0.23486523451982522     
   6.0899999999999146      -0.23126800943352285     
   6.0999999999999144      -0.22765024178540758     
   6.1099999999999142      -0.22401225292652019     
   6.1199999999999140      -0.22035436600406638     
   6.1299999999999137      -0.21667690593271288     
   6.1399999999999135      -0.21298019936572662     
   6.1499999999999133      -0.20926457466595969     
   6.1599999999999131      -0.20553036187668197     
   6.1699999999999129      -0.20177789269226504     
   6.1799999999999127      -0.19800750042871898     
   6.1899999999999125      -0.19421951999408549     
   6.1999999999999122      -0.19041428785868922     
   6.2099999999999120      -0.18659214202525068     
   6.2199999999999118      -0.18275342199886285     
   6.2299999999999116      -0.17889846875683429     
   6.2399999999999114      -0.17502762471840175     
   6.2499999999999112      -0.17114123371431428     
   6.2599999999999110      -0.16723964095629240     
   6.2699999999999108      -0.16332319300636430     
   6.2799999999999105      -0.15939223774608216     
   6.2899999999999103      -0.15544712434562136     
   6.2999999999999101      -0.15148820323276524     
   6.3099999999999099      -0.14751582606177788     
   6.3199999999999097      -0.14353034568216830     
   6.3299999999999095      -0.13953211610734828     
   6.3399999999999093      -0.13552149248318682     
   6.3499999999999091      -0.13149883105646401     
   6.3599999999999088      -0.12746448914322731     
   6.3699999999999086      -0.12341882509705229     
   6.3799999999999084      -0.11936219827721208     
   6.3899999999999082      -0.11529496901675661     
   6.3999999999999080      -0.11121749859050591     
   6.4099999999999078      -0.10713014918295960     
   6.4199999999999076      -0.10303328385612553     
   6.4299999999999073       -9.8927266517270518E-002
   6.4399999999999071       -9.4812461886596019E-002
   6.4499999999999069       -9.0689235464841519E-002
   6.4599999999999067       -8.6557953500818727E-002
   6.4699999999999065       -8.2418982958879186E-002
   6.4799999999999063       -7.8272691486318366E-002
   6.4899999999999061       -7.4119447380719156E-002
   6.4999999999999059       -6.9959619557237451E-002
   6.5099999999999056       -6.5793577515833118E-002
   6.5199999999999054       -6.1621691308448752E-002
   6.5299999999999052       -5.7444331506139541E-002
   6.5399999999999050       -5.3261869166157050E-002
   6.5499999999999048       -4.9074675798989748E-002
   6.5599999999999046       -4.4883123335363269E-002
   6.5699999999999044       -4.0687584093203423E-002
   6.5799999999999041       -3.6488430744564725E-002
   6.5899999999999039       -3.2286036282527533E-002
   6.5999999999999037       -2.8080773988066639E-002
   6.6099999999999035       -2.3873017396894285E-002
   6.6199999999999033       -1.9663140266280577E-002
   6.6299999999999031       -1.5451516541854190E-002
   6.6399999999999029       -1.1238520324386363E-002
   6.6499999999999027       -7.0245258365611010E-003
   6.6599999999999024       -2.8099073897345575E-003
   6.6699999999999022        1.4049606493134702E-003
   6.6799999999999020        5.6197038916329604E-003
   6.6899999999999018        9.8339479593590566E-003
   6.6999999999999016        1.4047318518966477E-002
   6.7099999999999014        1.8259441314519984E-002
   6.7199999999999012        2.2469942200917959E-002
   6.7299999999999010        2.6678447177126124E-002
   6.7399999999999007        3.0884582419398492E-002
   6.7499999999999005        3.5087974314482545E-002
   6.7599999999999003        3.9288249492805717E-002
   6.7699999999999001        4.3485034861640272E-002
   6.7799999999998999        4.7677957638243486E-002
   6.7899999999998997        5.1866645382970457E-002
   6.7999999999998995        5.6050726032356273E-002
   6.8099999999998992        6.0229827932164880E-002
   6.8199999999998990        6.4403579870401559E-002
   6.8299999999998988        6.8571611110286063E-002
   6.8399999999998986        7.2733551423183718E-002
   6.8499999999998984        7.6889031121491175E-002
   6.8599999999998982        8.1037681091474204E-002
   6.8699999999998980        8.5179132826054577E-002
   6.8799999999998978        8.9313018457542914E-002
   6.8899999999998975        9.3438970790314907E-002
   6.8999999999998973        9.7556623333427656E-002
   6.9099999999998971       0.10166561033317363     
   6.9199999999998969       0.10576556680556889     
   6.9299999999998967       0.10985612856877325     
   6.9399999999998965       0.11393693227543882     
   6.9499999999998963       0.11800761544498475     
   6.9599999999998960       0.12206781649579485     
   6.9699999999998958       0.12611717477733528     
   6.9799999999998956       0.13015533060218965     
   6.9899999999998954       0.13418192527800860     
   6.9999999999998952       0.13819660113937082     
   7.0099999999998950       0.14219900157955309     
   7.0199999999998948       0.14618877108220599     
   7.0299999999998946       0.15016555525293301     
   7.0399999999998943       0.15412900085077000     
   7.0499999999998941       0.15807875581956191     
   7.0599999999998939       0.16201446931923449     
   7.0699999999998937       0.16593579175695802     
   7.0799999999998935       0.16984237481820014     
   7.0899999999998933       0.17373387149766503     
   7.0999999999998931       0.17760993613011661     
   7.1099999999998929       0.18147022442108246     
   7.1199999999998926       0.18531439347743597     
   7.1299999999998924       0.18914210183785418     
   7.1399999999998922       0.19295300950314834     
   7.1499999999998920       0.19674677796646453     
   7.1599999999998918       0.20052307024335192     
   7.1699999999998916       0.20428155090169556     
   7.1799999999998914       0.20802188609151145     
   7.1899999999998911       0.21174374357460105     
   7.1999999999998909       0.21544679275406250     
   7.2099999999998907       0.21913070470365636     
   7.2199999999998905       0.22279515219702248     
   7.2299999999998903       0.22643980973674624     
   7.2399999999998901       0.23006435358327129     
   7.2499999999998899       0.23366846178365563     
   7.2599999999998897       0.23725181420016964     
   7.2699999999998894       0.24081409253873226     
   7.2799999999998892       0.24435498037718414     
   7.2899999999998890       0.24787416319339364     
   7.2999999999998888       0.25137132839319470     
   7.3099999999998886       0.25484616533815341     
   7.3199999999998884       0.25829836537316042     
   7.3299999999998882       0.26172762185384763     
   7.3399999999998879       0.26513363017382613     
   7.3499999999998877       0.26851608779174302     
   7.3599999999998875       0.27187469425815503     
   7.3699999999998873       0.27520915124221595     
   7.3799999999998871       0.27851916255817638     
   7.3899999999998869       0.28180443419169232     
   7.3999999999998867       0.28506467432594151     
   7.4099999999998865       0.28829959336754424     
   7.4199999999998862       0.29150890397228663     
   7.4299999999998860       0.29469232107064408     
   7.4399999999998858       0.29784956189310319     
   7.4499999999998856       0.30098034599527862     
   7.4599999999998854       0.30408439528282383     
   7.4699999999998852       0.30716143403613327     
   7.4799999999998850       0.31021118893483302     
   7.4899999999998847       0.31323338908205911     
   7.4999999999998845       0.31622776602851965     
   7.5099999999998843       0.31919405379634058     
   7.5199999999998841       0.32213198890269090     
   7.5299999999998839       0.32504131038318707     
   7.5399999999998837       0.32792175981507321     
   7.5499999999998835       0.33077308134017575     
   7.5599999999998833       0.33359502168763011     
   7.5699999999998830       0.33638733019637801     
   7.5799999999998828       0.33914975883743215     
   7.5899999999998826       0.34188206223590811     
   7.5999999999998824       0.34458399769281955     
   7.6099999999998822       0.34725532520663627     
   7.6199999999998820       0.34989580749460270     
   7.6299999999998818       0.35250521001381441     
   7.6399999999998816       0.35508330098205187     
   7.6499999999998813       0.35762985139836845     
   7.6599999999998811       0.36014463506343181     
   7.6699999999998809       0.36262742859961600     
   7.6799999999998807       0.36507801147084346     
   7.6899999999998805       0.36749616600217405     
   7.6999999999998803       0.36988167739914019     
   7.7099999999998801       0.37223433376682641     
   7.7199999999998798       0.37455392612869087     
   7.7299999999998796       0.37684024844512781     
   7.7399999999998794       0.37909309763176929     
   7.7499999999998792       0.38131227357752445     
   7.7599999999998790       0.38349757916235427     
   7.7699999999998788       0.38564882027478098     
   7.7799999999998786       0.38776580582913034     
   7.7899999999998784       0.38984834778250477     
   7.7999999999998781       0.39189626115148651     
   7.8099999999998779       0.39390936402856885     
   7.8199999999998777       0.39588747759831433     
   7.8299999999998775       0.39783042615323805     
   7.8399999999998773       0.39973803710941502     
   7.8499999999998771       0.40161014102181003     
   7.8599999999998769       0.40344657159932895     
   7.8699999999998766       0.40524716571958952     
   7.8799999999998764       0.40701176344341067     
   7.8899999999998762       0.40874020802901950     
   7.8999999999998760       0.41043234594597394     
   7.9099999999998758       0.41208802688879997     
   7.9199999999998756       0.41370710379034309     
   7.9299999999998754       0.41528943283483116     
   7.9399999999998752       0.41683487347064924     
   7.9499999999998749       0.41834328842282420     
   7.9599999999998747       0.41981454370521815     
   7.9699999999998745       0.42124850863242996     
   7.9799999999998743       0.42264505583140349     
   7.9899999999998741       0.42400406125274159     
   7.9999999999998739       0.42532540418172476     
   8.0099999999998737       0.42660896724903397     
   8.0199999999998735       0.42785463644117583     
   8.0299999999998732       0.42906230111061006     
   8.0399999999998730       0.43023185398557795     
   8.0499999999998728       0.43136319117963073     
   8.0599999999998726       0.43245621220085728     
   8.0699999999998724       0.43351081996081048     
   8.0799999999998722       0.43452692078313127     
   8.0899999999998720       0.43550442441186943     
   8.0999999999998717       0.43644324401950063     
   8.1099999999998715       0.43734329621463897     
   8.1199999999998713       0.43820450104944425     
   8.1299999999998711       0.43902678202672357     
   8.1399999999998709       0.43981006610672596     
   8.1499999999998707       0.44055428371363031     
   8.1599999999998705       0.44125936874172583     
   8.1699999999998703       0.44192525856128329     
   8.1799999999998700       0.44255189402411876     
   8.1899999999998698       0.44313921946884710     
   8.1999999999998696       0.44368718272582636     
   8.2099999999998694       0.44419573512179161     
   8.2199999999998692       0.44466483148417862     
   8.2299999999998690       0.44509443014513617     
   8.2399999999998688       0.44548449294522713     
   8.2499999999998685       0.44583498523681819     
   8.2599999999998683       0.44614587588715759     
   8.2699999999998681       0.44641713728113991     
   8.2799999999998679       0.44664874532375992     
   8.2899999999998677       0.44684067944225192     
   8.2999999999998675       0.44699292258791790     
   8.3099999999998673       0.44710546123764111     
   8.3199999999998671       0.44717828539508830     
   8.3299999999998668       0.44721138859159648     
   8.3399999999998666       0.44720476788674840     
   8.3499999999998664       0.44715842386863341     
   8.3599999999998662       0.44707236065379502     
   8.3699999999998660       0.44694658588686575     
   8.3799999999998658       0.44678111073988752     
   8.3899999999998656       0.44657594991131982     
   8.3999999999998654       0.44633112162473360     
   8.4099999999998651       0.44604664762719293     
   8.4199999999998649       0.44572255318732312     
   8.4299999999998647       0.44535886709306621     
   8.4399999999998645       0.44495562164912406     
   8.4499999999998643       0.44451285267408858     
   8.4599999999998641       0.44403059949726031     
   8.4699999999998639       0.44350890495515477     
   8.4799999999998636       0.44294781538769773     
   8.4899999999998634       0.44234738063410872     
   8.4999999999998632       0.44170765402847451     
   8.5099999999998630       0.44102869239501113     
   8.5199999999998628       0.44031055604301667     
   8.5299999999998626       0.43955330876151416     
   8.5399999999998624       0.43875701781358578     
   8.5499999999998622       0.43792175393039767     
   8.5599999999998619       0.43704759130491755     
   8.5699999999998617       0.43613460758532430     
   8.5799999999998615       0.43518288386811088     
   8.5899999999998613       0.43419250469088083     
   8.5999999999998611       0.43316355802483897     
   8.6099999999998609       0.43209613526697793     
   8.6199999999998607       0.43099033123195873     
   8.6299999999998604       0.42984624414368988     
   8.6399999999998602       0.42866397562660158     
   8.6499999999998600       0.42744363069661967     
   8.6599999999998598       0.42618531775183699     
   8.6699999999998596       0.42488914856288479     
   8.6799999999998594       0.42355523826300523     
   8.6899999999998592       0.42218370533782390     
   8.6999999999998590       0.42077467161482551     
   8.7099999999998587       0.41932826225253256     
   8.7199999999998585       0.41784460572938786     
   8.7299999999998583       0.41632383383234245     
   8.7399999999998581       0.41476608164514950     
   8.7499999999998579       0.41317148753636534     
   8.7599999999998577       0.41154019314705886     
   8.7699999999998575       0.40987234337822998     
   8.7799999999998573       0.40816808637793883     
   8.7899999999998570       0.40642757352814646     
   8.7999999999998568       0.40465095943126789     
   8.8099999999998566       0.40283840189643982     
   8.8199999999998564       0.40099006192550291     
   8.8299999999998562       0.39910610369870064     
   8.8399999999998560       0.39718669456009598     
   8.8499999999998558       0.39523200500270678     
   8.8599999999998555       0.39324220865336174     
   8.8699999999998553       0.39121748225727793     
   8.8799999999998551       0.38915800566236086     
   8.8899999999998549       0.38706396180322994     
   8.8999999999998547       0.38493553668496866     
   8.9099999999998545       0.38277291936660274     
   8.9199999999998543       0.38057630194430692     
   8.9299999999998541       0.37834587953434173     
   8.9399999999998538       0.37608185025572211     
   8.9499999999998536       0.37378441521261940     
   8.9599999999998534       0.37145377847649824     
   8.9699999999998532       0.36909014706798943     
   8.9799999999998530       0.36669373093850144     
   8.9899999999998528       0.36426474295157124     
   8.9999999999998526       0.36180339886395646     
   9.0099999999998523       0.35930991730647072     
   9.0199999999998521       0.35678451976456349     
   9.0299999999998519       0.35422743055864664     
   9.0399999999998517       0.35163887682416861     
   9.0499999999998515       0.34901908849143953     
   9.0599999999998513       0.34636829826520693     
   9.0699999999998511       0.34368674160398593     
   9.0799999999998509       0.34097465669914406     
   9.0899999999998506       0.33823228445374426     
   9.0999999999998504       0.33545986846114595     
   9.1099999999998502       0.33265765498336797     
   9.1199999999998500       0.32982589292921421     
   9.1299999999998498       0.32696483383216374     
   9.1399999999998496       0.32407473182802859     
   9.1499999999998494       0.32115584363237959     
   9.1599999999998492       0.31820842851774350     
   9.1699999999998489       0.31523274829057318     
   9.1799999999998487       0.31222906726799204     
   9.1899999999998485       0.30919765225431611     
   9.1999999999998483       0.30613877251735483     
   9.2099999999998481       0.30305269976449312     
   9.2199999999998479       0.29993970811855702     
   9.2299999999998477       0.29680007409346409     
   9.2399999999998474       0.29363407656966212     
   9.2499999999998472       0.29044199676935728     
   9.2599999999998470       0.28722411823153438     
   9.2699999999998468       0.28398072678677128     
   9.2799999999998466       0.28071211053184969     
   9.2899999999998464       0.27741855980416480     
   9.2999999999998462       0.27410036715593594     
   9.3099999999998460       0.27075782732822024     
   9.3199999999998457       0.26739123722473207     
   9.3299999999998455       0.26400089588547038     
   9.3399999999998453       0.26058710446015632     
   9.3499999999998451       0.25715016618148306     
   9.3599999999998449       0.25369038633818136     
   9.3699999999998447       0.25020807224790159     
   9.3799999999998445       0.24670353322991642     
   9.3899999999998442       0.24317708057764495     
   9.3999999999998440       0.23962902753100213     
   9.4099999999998438       0.23605968924857471     
   9.4199999999998436       0.23246938277962723     
   9.4299999999998434       0.22885842703593975     
   9.4399999999998432       0.22522714276348044     
   9.4499999999998430       0.22157585251391471     
   9.4599999999998428       0.21790488061595475     
   9.4699999999998425       0.21421455314655041     
   9.4799999999998423       0.21050519790192537     
   9.4899999999998421       0.20677714436846034     
   9.4999999999998419       0.20303072369342617     
   9.5099999999998417       0.19926626865556937     
   9.5199999999998415       0.19548411363555288     
   9.5299999999998413       0.19168459458625436     
   9.5399999999998411       0.18786804900292497     
   9.5499999999998408       0.18403481589321111     
   9.5599999999998406       0.18018523574704173     
   9.5699999999998404       0.17631965050638404     
   9.5799999999998402       0.17243840353487030     
   9.5899999999998400       0.16854183958729838     
   9.5999999999998398       0.16463030477900831     
   9.6099999999998396       0.16070414655513873     
   9.6199999999998393       0.15676371365976449     
   9.6299999999998391       0.15280935610491939     
   9.6399999999998389       0.14884142513950591     
   9.6499999999998387       0.14486027321809536     
   9.6599999999998385       0.14086625396962088     
   9.6699999999998383       0.13685972216596587     
   9.6799999999998381       0.13284103369045136     
   9.6899999999998379       0.12881054550622420     
   9.6999999999998376       0.12476861562454959     
   9.7099999999998374       0.12071560307301048     
   9.7199999999998372       0.11665186786361662     
   9.7299999999998370       0.11257777096082623     
   9.7399999999998368       0.10849367424948306     
   9.7499999999998366       0.10439994050267169     
   9.7599999999998364       0.10029693334949388     
   9.7699999999998361        9.6185017242768983E-002
   9.7799999999998359        9.2064557426661101E-002
   9.7899999999998357        8.7935919904236048E-002
   9.7999999999998355        8.3799471404950726E-002
   9.8099999999998353        7.9655579352078232E-002
   9.8199999999998351        7.5504611830071108E-002
   9.8299999999998349        7.1346937551865955E-002
   9.8399999999998347        6.7182925826132278E-002
   9.8499999999998344        6.3012946524468275E-002
   9.8599999999998342        5.8837370048546771E-002
   9.8699999999998340        5.4656567297213958E-002
   9.8799999999998338        5.0470909633544045E-002
   9.8899999999998336        4.6280768851852609E-002
   9.8999999999998334        4.2086517144671702E-002
   9.9099999999998332        3.7888527069689530E-002
   9.9199999999998330        3.3687171516657774E-002
   9.9299999999998327        2.9482823674269316E-002
   9.9399999999998325        2.5275856997009474E-002
   9.9499999999998323        2.1066645171983634E-002
   9.9599999999998321        1.6855562085724182E-002
   9.9699999999998319        1.2642981790979753E-002
   9.9799999999998317        8.4292784734896903E-003
   9.9899999999998315        4.2148264187467071E-003
   9.9999999999998312       -2.1249300058584457E-011
