           0  0.99999416593519641        1.7288763189501073        7.1198456925193175E-014   1.0289171547104818        1.0298279004009596     
           1  0.99999416599872004        1.7129596420102025        7.0542977510571890E-014   1.0289171595185767        1.0298279056747768     
           2  0.99999416606022939        1.6970429650648013        6.9887498095724246E-014   1.0289171667199450        1.0298279132720494     
           3  0.99999416612084446        1.6811262881138755        6.9232018680649095E-014   1.0289171752207824        1.0298279221584221     
           4  0.99999416618152182        1.6652096111574559        6.8576539265347699E-014   1.0289171841884457        1.0298279315540482     
           5  0.99999416624320880        1.6492929340958888        6.7921059845716112E-014   1.0289171928863883        1.0298279407755293     
           6  0.99999416630699045        1.6333762571287336        6.7265580429972600E-014   1.0289172005403424        1.0298279491089510     
           7  0.99999416637428751        1.6174595801565468        6.6610101014021877E-014   1.0289172061971295        1.0298279556772865     
           8  0.99999416644716743        1.6015429031797852        6.5954621597882748E-014   1.0289172085355791        1.0298279592638793     
           9  0.99999416652894102        1.5856262261993359        6.5299142181591754E-014   1.0289172055712352        1.0298279580376690     
          10  0.99999416662536267        1.5697095492170083        6.4643662765223414E-014   1.0289171941572008        1.0298279490892872     
          11  0.99999416674722963        1.5537928722367020        6.3988183348938314E-014   1.0289171691154029        1.0298279276242313     
          12  0.99999416691631149        1.5378761952673035        6.3332703933102423E-014   1.0289171217466124        1.0298278855799115     
          13  0.99999416717916467        1.5219595183298920        6.2677224518583804E-014   1.0289170374845664        1.0298278094503703     
          14  0.99999416763842608        1.5060428414750262        6.2021745107464582E-014   1.0289168931772330        1.0298276777718292     
          15  0.99999416850978129        1.4901261648158191        6.1366265704402962E-014   1.0289166583374043        1.0298274623117856     
          16  0.99999417011666836        1.4742094887298449        6.0710786324948175E-014   1.0289163216166597        1.0298271527186169     
          17  0.99999417209226127        1.4582928130289217        6.0055306961350540E-014   1.0289160238814934        1.0298268802046877     
          18  0.99999416987212308        1.4423761346814370        5.9399827488762393E-014   1.0289165922324781        1.0298274134400056     
          19  0.99999418598768275        1.4264594736588747        5.8744348729647930E-014   1.0289215368137263        1.0298320117356607     
          20  0.99999462289322150        1.4105432021088451        5.8088886009762545E-014   1.0289350793791476        1.0298445888007628     
          21  0.99999637752447879        1.3946282621062531        5.7433478125565432E-014   1.0289551843241824        1.0298632447823108     
          22   1.0000009758536217        1.3787164172528725        5.6778197705574645E-014   1.0289826512992231        1.0298887134327048     
          23   1.0000106448899648        1.3628104592166519        5.6123159716053503E-014   1.0290178105302816        1.0299212901097365     
          24   4.9994657888013059        3.0877015113157076        1.2715749567601632E-013   5.1445819755825983        5.1476102133532491     
          25   1.0000569058435196        1.3310321334596882        5.4814467050903269E-014   1.0291107865957527        1.0300073137631334     
          26   8.9954253191400824        6.3080719115881108        2.5977855174218979E-013   9.2601374824101157        9.2499867896621133     
          27   1.0001620168944620        1.2993317408056166        5.3508983821042591E-014   1.0292322172605881        1.0301193659386612     
          28   8.9954004996109251        6.0217128544298628        2.4798573419200113E-013   9.2588743068386954        9.2485037327617885     
          29   8.9954523658614232        5.8785728349778674        2.4209095247886322E-013   9.2602361918914227        9.2501099483732023     
