  -5.0000000000000000        0.0000000000000000     
  -4.9900000000000002        4.5497132553371147E-005
  -4.9800000000000004        9.1075641919767997E-005
  -4.9700000000000006        1.3681621797311886E-004
  -4.9600000000000009        1.8279893100061549E-004
  -4.9500000000000011        2.2910337057009748E-004
  -4.9400000000000013        2.7580878040023863E-004
  -4.9300000000000015        3.2299418950811054E-004
  -4.9200000000000017        3.7073853989412248E-004
  -4.9100000000000019        4.1912081101051931E-004
  -4.9000000000000021        4.6822014124651740E-004
  -4.8900000000000023        5.1811594665072979E-004
  -4.8800000000000026        5.6888803709972903E-004
  -4.8700000000000028        6.2061673011038908E-004
  -4.8600000000000030        6.7338296248299254E-004
  -4.8500000000000032        7.2726839995195457E-004
  -4.8400000000000034        7.8235554501137076E-004
  -4.8300000000000036        8.3872784307340378E-004
  -4.8200000000000038        8.9646978710876315E-004
  -4.8100000000000041        9.5566702091017040E-004
  -4.8000000000000043        1.0164064411117156E-003
  -4.7900000000000045        1.0787762980893725E-003
  -4.7800000000000047        1.1428662958606287E-003
  -4.7700000000000049        1.2087676910941844E-003
  -4.7600000000000051        1.2765733913339462E-003
  -4.7500000000000053        1.3463780525350920E-003
  -4.7400000000000055        1.4182781760037665E-003
  -4.7300000000000058        1.4923722048259865E-003
  -4.7200000000000060        1.5687606198655682E-003
  -4.7100000000000062        1.6475460354053078E-003
  -4.7000000000000064        1.7288332945002644E-003
  -4.6900000000000066        1.8127295641067593E-003
  -4.6800000000000068        1.8993444300456478E-003
  -4.6700000000000070        1.9887899918534821E-003
  -4.6600000000000072        2.0811809575703899E-003
  -4.6500000000000075        2.1766347385088220E-003
  -4.6400000000000077        2.2752715440427416E-003
  -4.6300000000000079        2.3772144764523601E-003
  -4.6200000000000081        2.4825896258551540E-003
  -4.6100000000000083        2.5915261652495764E-003
  -4.6000000000000085        2.7041564456936618E-003
  -4.5900000000000087        2.8206160916365570E-003
  -4.5800000000000090        2.9410440964168882E-003
  -4.5700000000000092        3.0655829179378371E-003
  -4.5600000000000094        3.1943785745247627E-003
  -4.5500000000000096        3.3275807409672395E-003
  -4.5400000000000098        3.4653428447434247E-003
  -4.5300000000000100        3.6078221624207610E-003
  -4.5200000000000102        3.7551799162230926E-003
  -4.5100000000000104        3.9075813707504228E-003
  -4.5000000000000107        4.0651959298336291E-003
  -4.4900000000000109        4.2281972335026187E-003
  -4.4800000000000111        4.3967632550425198E-003
  -4.4700000000000113        4.5710763981086575E-003
  -4.4600000000000115        4.7513235938671915E-003
  -4.4500000000000117        4.9376963981244268E-003
  -4.4400000000000119        5.1303910884039072E-003
  -4.4300000000000122        5.3296087609265739E-003
  -4.4200000000000124        5.5355554274452703E-003
  -4.4100000000000126        5.7484421118810698E-003
  -4.4000000000000128        5.9684849467048773E-003
  -4.3900000000000130        6.1959052690038737E-003
  -4.3800000000000132        6.4309297161683609E-003
  -4.3700000000000134        6.6737903211306114E-003
  -4.3600000000000136        6.9247246070832987E-003
  -4.3500000000000139        7.1839756816010850E-003
  -4.3400000000000141        7.4517923300848766E-003
  -4.3300000000000143        7.7284291084442017E-003
  -4.3200000000000145        8.0141464349291064E-003
  -4.3100000000000147        8.3092106810188273E-003
  -4.3000000000000149        8.6138942612704189E-003
  -4.2900000000000151        8.9284757220263623E-003
  -4.2800000000000153        9.2532398288760354E-003
  -4.2700000000000156        9.5884776527617888E-003
  -4.2600000000000158        9.9344866546161592E-003
  -4.2500000000000160        1.0291570768412639E-002
  -4.2400000000000162        1.0660040482508140E-002
  -4.2300000000000164        1.1040212919151219E-002
  -4.2200000000000166        1.1432411912025840E-002
  -4.2100000000000168        1.1836968081696308E-002
  -4.2000000000000171        1.2254218908814844E-002
  -4.1900000000000173        1.2684508804949035E-002
  -4.1800000000000175        1.3128189180882313E-002
  -4.1700000000000177        1.3585618512236386E-002
  -4.1600000000000179        1.4057162402260496E-002
  -4.1500000000000181        1.4543193641628233E-002
  -4.1400000000000183        1.5044092265078572E-002
  -4.1300000000000185        1.5560245604733786E-002
  -4.1200000000000188        1.6092048339922851E-002
  -4.1100000000000190        1.6639902543335069E-002
  -4.1000000000000192        1.7204217723324654E-002
  -4.0900000000000194        1.7785410862183257E-002
  -4.0800000000000196        1.8383906450193607E-002
  -4.0700000000000198        1.9000136515273644E-002
  -4.0600000000000200        1.9634540648017031E-002
  -4.0500000000000203        2.0287566021932275E-002
  -4.0400000000000205        2.0959667408679158E-002
  -4.0300000000000207        2.1651307188098011E-002
  -4.0200000000000209        2.2362955352823830E-002
  -4.0100000000000211        2.3095089507274288E-002
  -4.0000000000000213        2.3848194860797499E-002
  -3.9900000000000215        2.4622764214762557E-002
  -3.9800000000000217        2.5419297943373012E-002
  -3.9700000000000220        2.6238303967980926E-002
  -3.9600000000000222        2.7080297724676402E-002
  -3.9500000000000224        2.7945802124925458E-002
  -3.9400000000000226        2.8835347509026676E-002
  -3.9300000000000228        2.9749471592155172E-002
  -3.9200000000000230        3.0688719402760606E-002
  -3.9100000000000232        3.1653643213084330E-002
  -3.9000000000000234        3.2644802461559271E-002
  -3.8900000000000237        3.3662763666855083E-002
  -3.8800000000000239        3.4708100333329960E-002
  -3.8700000000000241        3.5781392847649765E-002
  -3.8600000000000243        3.6883228366334724E-002
  -3.8500000000000245        3.8014200693993548E-002
  -3.8400000000000247        3.9174910152004777E-002
  -3.8300000000000249        4.0365963437405568E-002
  -3.8200000000000252        4.1587973471748550E-002
  -3.8100000000000254        4.2841559239688132E-002
  -3.8000000000000256        4.4127345617058979E-002
  -3.7900000000000258        4.5445963188210557E-002
  -3.7800000000000260        4.6798048052363497E-002
  -3.7700000000000262        4.8184241618755640E-002
  -3.7600000000000264        4.9605190390347852E-002
  -3.7500000000000266        5.1061545735862690E-002
  -3.7400000000000269        5.2553963649931854E-002
  -3.7300000000000271        5.4083104501131990E-002
  -3.7200000000000273        5.5649632767692164E-002
  -3.7100000000000275        5.7254216760660601E-002
  -3.7000000000000277        5.8897528334322859E-002
  -3.6900000000000279        6.0580242583668620E-002
  -3.6800000000000281        6.2303037528709714E-002
  -3.6700000000000284        6.4066593785457884E-002
  -3.6600000000000286        6.5871594223376906E-002
  -3.6500000000000288        6.7718723609130588E-002
  -3.6400000000000290        6.9608668236455160E-002
  -3.6300000000000292        7.1542115541992135E-002
  -3.6200000000000294        7.3519753706926011E-002
  -3.6100000000000296        7.5542271244279258E-002
  -3.6000000000000298        7.7610356571726463E-002
  -3.5900000000000301        7.9724697569798650E-002
  -3.5800000000000303        8.1885981125358748E-002
  -3.5700000000000305        8.4094892660239909E-002
  -3.5600000000000307        8.6352115644948629E-002
  -3.5500000000000309        8.8658331097346790E-002
  -3.5400000000000311        9.1014217066238010E-002
  -3.5300000000000313        9.3420448099796480E-002
  -3.5200000000000315        9.5877694698789095E-002
  -3.5100000000000318        9.8386622754555189E-002
  -3.5000000000000320       0.10094789297172228     
  -3.4900000000000322       0.10356216027565011     
  -3.4800000000000324       0.10623007320461092     
  -3.4700000000000326       0.10895227328672859     
  -3.4600000000000328       0.11172939440171581     
  -3.4500000000000330       0.11456206212746436     
  -3.4400000000000333       0.11745089307156106     
  -3.4300000000000335       0.12039649418781878     
  -3.4200000000000337       0.12339946207793034     
  -3.4100000000000339       0.12646038227837134     
  -3.4000000000000341       0.12957982853269662     
  -3.3900000000000343       0.13275836204939495     
  -3.3800000000000345       0.13599653074548579     
  -3.3700000000000347       0.13929486847606293     
  -3.3600000000000350       0.14265389425000974     
  -3.3500000000000352       0.14607411143213270     
  -3.3400000000000354       0.14955600693198129     
  -3.3300000000000356       0.15310005037964394     
  -3.3200000000000358       0.15670669328883280     
  -3.3100000000000360       0.16037636820759255     
  -3.3000000000000362       0.16410948785699178     
  -3.2900000000000365       0.16790644425817899     
  -3.2800000000000367       0.17176760784820944     
  -3.2700000000000369       0.17569332658507270     
  -3.2600000000000371       0.17968392504237601     
  -3.2500000000000373       0.18373970349416327     
  -3.2400000000000375       0.18786093699037373     
  -3.2300000000000377       0.19204787442347121     
  -3.2200000000000379       0.19630073758679906     
  -3.2100000000000382       0.20061972022524246     
  -3.2000000000000384       0.20500498707880516     
  -3.1900000000000386       0.20945667291973460     
  -3.1800000000000388       0.21397488158385455     
  -3.1700000000000390       0.21855968499679149     
  -3.1600000000000392       0.22321112219580674     
  -3.1500000000000394       0.22792919834797379     
  -3.1400000000000396       0.23271388376546451     
  -3.1300000000000399       0.23756511291873728     
  -3.1200000000000401       0.24248278344844351     
  -3.1100000000000403       0.24746675517689723     
  -3.1000000000000405       0.25251684911997707     
  -3.0900000000000407       0.25763284650035750     
  -3.0800000000000409       0.26281448776298960     
  -3.0700000000000411       0.26806147159377958     
  -3.0600000000000414       0.27337345394243645     
  -3.0500000000000416       0.27875004705048606     
  -3.0400000000000418       0.28419081848547334     
  -3.0300000000000420       0.28969529018239770     
  -3.0200000000000422       0.29526293749345123     
  -3.0100000000000424       0.30089318824715183     
  -3.0000000000000426       0.30658542181798681     
  -2.9900000000000428       0.31233896820770307     
  -2.9800000000000431       0.31815310713940292     
  -2.9700000000000433       0.32402706716562507     
  -2.9600000000000435       0.32996002479160907     
  -2.9500000000000437       0.33595110361496305     
  -2.9400000000000439       0.34199937348297110     
  -2.9300000000000441       0.34810384966879554     
  -2.9200000000000443       0.35426349206784546     
  -2.9100000000000446       0.36047720441559938     
  -2.9000000000000448       0.36674383352818402     
  -2.8900000000000450       0.37306216856702590     
  -2.8800000000000452       0.37943094032890423     
  -2.8700000000000454       0.38584882056274655     
  -2.8600000000000456       0.39231442131451744     
  -2.8500000000000458       0.39882629430156191     
  -2.8400000000000460       0.40538293031777073     
  -2.8300000000000463       0.41198275867094380     
  -2.8200000000000465       0.41862414665373243     
  -2.8100000000000467       0.42530539904954384     
  -2.8000000000000469       0.43202475767479698     
  -2.7900000000000471       0.43878040095891613     
  -2.7800000000000473       0.44557044356345121     
  -2.7700000000000475       0.45239293604171044     
  -2.7600000000000477       0.45924586454028704     
  -2.7500000000000480       0.46612715054385756     
  -2.7400000000000482       0.47303465066462153     
  -2.7300000000000484       0.47996615647774382     
  -2.7200000000000486       0.48691939440415072     
  -2.7100000000000488       0.49389202564201851     
  -2.7000000000000490       0.50088164614827901     
  -2.6900000000000492       0.50788578667145157     
  -2.6800000000000495       0.51490191283709208     
  -2.6700000000000497       0.52192742528713032     
  -2.6600000000000499       0.52895965987434623     
  -2.6500000000000501       0.53599588791321029     
  -2.6400000000000503       0.54303331648828956     
  -2.6300000000000505       0.55006908882139283     
  -2.6200000000000507       0.55710028469859596     
  -2.6100000000000509       0.56412392095826280     
  -2.6000000000000512       0.57113695204113746     
  -2.5900000000000514       0.57813627060355022     
  -2.5800000000000516       0.58511870819474332     
  -2.5700000000000518       0.59208103599927964     
  -2.5600000000000520       0.59901996564545712     
  -2.5500000000000522       0.60593215008060797     
  -2.5400000000000524       0.61281418451411407     
  -2.5300000000000527       0.61966260742892254     
  -2.5200000000000529       0.62647390166229611     
  -2.5100000000000531       0.63324449555647733     
  -2.5000000000000533       0.63997076417989407     
  -2.4900000000000535       0.64664903061947754     
  -2.4800000000000537       0.65327556734460124     
  -2.4700000000000539       0.65984659764309461     
  -2.4600000000000541       0.66635829712971650     
  -2.4500000000000544       0.67280679532741561     
  -2.4400000000000546       0.67918817732163095     
  -2.4300000000000548       0.68549848548782510     
  -2.4200000000000550       0.69173372129236566     
  -2.4100000000000552       0.69788984716680369     
  -2.4000000000000554       0.70396278845552063     
  -2.3900000000000556       0.70994843543664266     
  -2.3800000000000558       0.71584264541604070     
  -2.3700000000000561       0.72164124489416015     
  -2.3600000000000563       0.72734003180533913     
  -2.3500000000000565       0.73293477782919725     
  -2.3400000000000567       0.73842123077358857     
  -2.3300000000000569       0.74379511702853462     
  -2.3200000000000571       0.74905214409045828     
  -2.3100000000000573       0.75418800315596279     
  -2.3000000000000576       0.75919837178430405     
  -2.2900000000000578       0.76407891662761740     
  -2.2800000000000580       0.76882529622787399     
  -2.2700000000000582       0.77343316387944328     
  -2.2600000000000584       0.77789817055605437     
  -2.2500000000000586       0.78221596790085057     
  -2.2400000000000588       0.78638221127814112     
  -2.2300000000000590       0.79039256288536108     
  -2.2200000000000593       0.79424269492365562     
  -2.2100000000000595       0.79792829282540945     
  -2.2000000000000597       0.80144505853695081     
  -2.1900000000000599       0.80478871385456374     
  -2.1800000000000601       0.80795500381184659     
  -2.1700000000000603       0.81093970011636363     
  -2.1600000000000605       0.81373860463344094     
  -2.1500000000000608       0.81634755291486383     
  -2.1400000000000610       0.81876241777014336     
  -2.1300000000000612       0.82097911287792313     
  -2.1200000000000614       0.82299359643501113     
  -2.1100000000000616       0.82480187484042555     
  -2.1000000000000618       0.82640000641175970     
  -2.0900000000000620       0.82778410513107992     
  -2.0800000000000622       0.82895034441748272     
  -2.0700000000000625       0.82989496092335635     
  -2.0600000000000627       0.83061425835130387     
  -2.0500000000000629       0.83110461128860480     
  -2.0400000000000631       0.83136246905601296     
  -2.0300000000000633       0.83138435956760970     
  -2.0200000000000635       0.83116689319835324     
  -2.0100000000000637       0.83070676665589738     
  -2.0000000000000639       0.83000076685317348     
  -1.9900000000000639       0.82904577477816854     
  -1.9800000000000639       0.82783876935726108     
  -1.9700000000000639       0.82637683130841733     
  -1.9600000000000639       0.82465714698048398     
  -1.9500000000000639       0.82267701217476696     
  -1.9400000000000639       0.82043383594501940     
  -1.9300000000000639       0.81792514437192143     
  -1.9200000000000639       0.81514858430808301     
  -1.9100000000000639       0.81210192708955697     
  -1.9000000000000639       0.80878307220981260     
  -1.8900000000000639       0.80519005095208107     
  -1.8800000000000638       0.80132102997595489     
  -1.8700000000000638       0.79717431485409318     
  -1.8600000000000638       0.79274835355486406     
  -1.8500000000000638       0.78804173986673121     
  -1.8400000000000638       0.78305321676018280     
  -1.8300000000000638       0.77778167968298417     
  -1.8200000000000638       0.77222617978453567     
  -1.8100000000000638       0.76638592706511044     
  -1.8000000000000638       0.76026029344575508     
  -1.7900000000000638       0.75384881575464024     
  -1.7800000000000638       0.74715119862566515     
  -1.7700000000000637       0.74016731730513519     
  -1.7600000000000637       0.73289722036235816     
  -1.7500000000000637       0.72534113230003017     
  -1.7400000000000637       0.71749945606031684     
  -1.7300000000000637       0.70937277542257560     
  -1.7200000000000637       0.70096185728870641     
  -1.7100000000000637       0.69226765385217004     
  -1.7000000000000637       0.68329130464676502     
  -1.6900000000000637       0.67403413847131799     
  -1.6800000000000637       0.66449767518650293     
  -1.6700000000000637       0.65468362738007913     
  -1.6600000000000636       0.64459390189691301     
  -1.6500000000000636       0.63423060123022890     
  -1.6400000000000636       0.62359602477062226     
  -1.6300000000000636       0.61269266990945959     
  -1.6200000000000636       0.60152323299338928     
  -1.6100000000000636       0.59009061012678610     
  -1.6000000000000636       0.57839789781906448     
  -1.5900000000000636       0.56644839347390574     
  -1.5800000000000636       0.55424559571756338     
  -1.5700000000000636       0.54179320456353564     
  -1.5600000000000636       0.52909512141101900     
  -1.5500000000000635       0.51615544887469389     
  -1.5400000000000635       0.50297849044352860     
  -1.5300000000000635       0.48956874996643113     
  -1.5200000000000635       0.47593093096272654     
  -1.5100000000000635       0.46206993575558897     
  -1.5000000000000635       0.44799086442671210     
  -1.4900000000000635       0.43369901359066565     
  -1.4800000000000635       0.41919987498754646     
  -1.4700000000000635       0.40449913389270326     
  -1.4600000000000635       0.38960266734248666     
  -1.4500000000000635       0.37451654217515112     
  -1.4400000000000635       0.35924701288621563     
  -1.4300000000000634       0.34380051929777239     
  -1.4200000000000634       0.32818368404141984     
  -1.4100000000000634       0.31240330985468412     
  -1.4000000000000634       0.29646637669098497     
  -1.3900000000000634       0.28038003864339817     
  -1.3800000000000634       0.26415162068266079     
  -1.3700000000000634       0.24778861521006670     
  -1.3600000000000634       0.23129867842609866     
  -1.3500000000000634       0.21468962651584858     
  -1.3400000000000634       0.19796943165247824     
  -1.3300000000000634       0.18114621782018137     
  -1.3200000000000633       0.16422825645831227     
  -1.3100000000000633       0.14722396192855428     
  -1.3000000000000633       0.13014188680720917     
  -1.2900000000000633       0.11299071700489606     
  -1.2800000000000633        9.5779266716157177E-002
  -1.2700000000000633        7.8516473201675388E-002
  -1.2600000000000633        6.1211391406015725E-002
  -1.2500000000000633        4.3873188414010181E-002
  -1.2400000000000633        2.6511137749110295E-002
  -1.2300000000000633        9.1346135172369058E-003
  -1.2200000000000633       -8.2469156001409045E-003
  -1.2100000000000632       -2.5623892499764565E-002
  -1.2000000000000632       -4.2986677953050202E-002
  -1.1900000000000632       -6.0325557040929394E-002
  -1.1800000000000632       -7.7630745722543651E-002
  -1.1700000000000632       -9.4892397533078293E-002
  -1.1600000000000632      -0.11210061040583388     
  -1.1500000000000632      -0.12924543361344826     
  -1.1400000000000632      -0.14631687482300146     
  -1.1300000000000632      -0.16330490725955946     
  -1.1200000000000632      -0.18019947697253849     
  -1.1100000000000632      -0.19699051019910538     
  -1.1000000000000631      -0.21366792081866418     
  -1.0900000000000631      -0.23022161789232151     
  -1.0800000000000631      -0.24664151328107053     
  -1.0700000000000631      -0.26291752933628365     
  -1.0600000000000631      -0.27903960665596461     
  -1.0500000000000631      -0.29499771190007229     
  -1.0400000000000631      -0.31078184565810030     
  -1.0300000000000631      -0.32638205036197182     
  -1.0200000000000631      -0.34178841823719314     
  -1.0100000000000631      -0.35699109928509926     
  -1.0000000000000631      -0.37198030928892140     
 -0.99000000000006305      -0.38674633783631224     
 -0.98000000000006304      -0.40127955635087409     
 -0.97000000000006303      -0.41557042612515743     
 -0.96000000000006303      -0.42960950634752237     
 -0.95000000000006302      -0.44338746211519214     
 -0.94000000000006301      -0.45689507242577027     
 -0.93000000000006300      -0.47012323813944601     
 -0.92000000000006299      -0.48306298990407082     
 -0.91000000000006298      -0.49570549603525954     
 -0.90000000000006297      -0.50804207034364468     
 -0.89000000000006296      -0.52006417990140141     
 -0.88000000000006295      -0.53176345274015302     
 -0.87000000000006295      -0.54313168547237123     
 -0.86000000000006294      -0.55416085082840050     
 -0.85000000000006293      -0.56484310510125402     
 -0.84000000000006292      -0.57517079549136485     
 -0.83000000000006291      -0.58513646734350977     
 -0.82000000000006290      -0.59473287126818020     
 -0.81000000000006289      -0.60395297013972660     
 -0.80000000000006288      -0.61278994596367575     
 -0.79000000000006287      -0.62123720660569470     
 -0.78000000000006287      -0.62928839237476142     
 -0.77000000000006286      -0.63693738245320075     
 -0.76000000000006285      -0.64417830116634456     
 -0.75000000000006284      -0.65100552408469203     
 -0.74000000000006283      -0.65741368395156730     
 -0.73000000000006282      -0.66339767642940461     
 -0.72000000000006281      -0.66895266565792744     
 -0.71000000000006280      -0.67407408961764370     
 -0.70000000000006279      -0.67875766529223092     
 -0.69000000000006279      -0.68299939362355411     
 -0.68000000000006278      -0.68679556425323307     
 -0.67000000000006277      -0.69014276004485875     
 -0.66000000000006276      -0.69303786138114654     
 -0.65000000000006275      -0.69547805023051656     
 -0.64000000000006274      -0.69746081397779291     
 -0.63000000000006273      -0.69898394901392957     
 -0.62000000000006272      -0.70004556407988916     
 -0.61000000000006271      -0.70064408336003126     
 -0.60000000000006271      -0.70077824932059618     
 -0.59000000000006270      -0.70044712528911512     
 -0.58000000000006269      -0.69965009777082243     
 -0.57000000000006268      -0.69838687849839687     
 -0.56000000000006267      -0.69665750621162048     
 -0.55000000000006266      -0.69446234816380370     
 -0.54000000000006265      -0.69180210135209586     
 -0.53000000000006264      -0.68867779346907521     
 -0.52000000000006263      -0.68509078357328557     
 -0.51000000000006263      -0.68104276247667528     
 -0.50000000000006262      -0.67653575284717415     
 -0.49000000000006261      -0.67157210902493703     
 -0.48000000000006260      -0.66615451655107383     
 -0.47000000000006259      -0.66028599140798061     
 -0.46000000000006258      -0.65396987897068592     
 -0.45000000000006257      -0.64720985266892250     
 -0.44000000000006256      -0.64000991235994142     
 -0.43000000000006255      -0.63237438241238264     
 -0.42000000000006255      -0.62430790950182491     
 -0.41000000000006254      -0.61581546011893884     
 -0.40000000000006253      -0.60690231779147219     
 -0.39000000000006252      -0.59757408002160450     
 -0.38000000000006251      -0.58783665494050474     
 -0.37000000000006250      -0.57769625768223776     
 -0.36000000000006249      -0.56715940647945984     
 -0.35000000000006248      -0.55623291848364720     
 -0.34000000000006247      -0.54492390531290014     
 -0.33000000000006247      -0.53323976833065823     
 -0.32000000000006246      -0.52118819365895808     
 -0.31000000000006245      -0.50877714693015352     
 -0.30000000000006244      -0.49601486778130316     
 -0.29000000000006243      -0.48290986409571657     
 -0.28000000000006242      -0.46947090599642349     
 -0.27000000000006241      -0.45570701959660825     
 -0.26000000000006240      -0.44162748051231759     
 -0.25000000000006239      -0.42724180714301502     
 -0.24000000000006239      -0.41255975372581094     
 -0.23000000000006238      -0.39759130316945135     
 -0.22000000000006237      -0.38234665967439163     
 -0.21000000000006236      -0.36683624114552132     
 -0.20000000000006235      -0.35107067140433879     
 -0.19000000000006234      -0.33506077220759650     
 -0.18000000000006233      -0.31881755507965831     
 -0.17000000000006232      -0.30235221296601605     
 -0.16000000000006231      -0.28567611171561597     
 -0.15000000000006231      -0.26880078139983843     
 -0.14000000000006230      -0.25173790747615671     
 -0.13000000000006229      -0.23449932180467831     
 -0.12000000000006229      -0.21709699352593692     
 -0.11000000000006230      -0.19954301980846104     
 -0.10000000000006230      -0.18184961647479228     
  -9.0000000000062308E-002 -0.16402910851476463     
  -8.0000000000062313E-002 -0.14609392049498293     
  -7.0000000000062318E-002 -0.12805656687355818     
  -6.0000000000062316E-002 -0.10992964222926332     
  -5.0000000000062314E-002  -9.1725811414371763E-002
  -4.0000000000062312E-002  -7.3457799640526580E-002
  -3.0000000000062310E-002  -5.5138382507065591E-002
  -2.0000000000062308E-002  -3.6780375981292308E-002
  -1.0000000000062308E-002  -1.8396626340237674E-002
  -6.2307797810134957E-014  -8.3501505979310080E-011
   9.9999999999376924E-003   1.8396626173204585E-002
   1.9999999999937693E-002   3.6780375814169090E-002
   2.9999999999937695E-002   5.5138382339792472E-002
   3.9999999999937697E-002   7.3457799473044275E-002
   4.9999999999937698E-002   9.1725811246621644E-002
   5.9999999999937700E-002  0.10992964206118763     
   6.9999999999937695E-002  0.12805656670510018     
   7.9999999999937690E-002  0.14609392032608720     
   8.9999999999937685E-002  0.16402910834537707     
   9.9999999999937680E-002  0.18184961630486046     
  0.10999999999993768       0.19954301963793425     
  0.11999999999993767       0.21709699335476654     
  0.12999999999993767       0.23449932163281770     
  0.13999999999993767       0.25173790730356160     
  0.14999999999993768       0.26880078122646694     
  0.15999999999993769       0.28567611154142897     
  0.16999999999993770       0.30235221279097718     
  0.17999999999993771       0.31881755490373404     
  0.18999999999993772       0.33506077203075640     
  0.19999999999993773       0.35107067122655572     
  0.20999999999993774       0.36683624096677153     
  0.21999999999993775       0.38234665949465468     
  0.22999999999993775       0.39759130298871059     
  0.23999999999993776       0.41255975354405328     
  0.24999999999993777       0.42724180696023140     
  0.25999999999993778       0.44162748032850280     
  0.26999999999993779       0.45570701941176112     
  0.27999999999993780       0.46947090581054696     
  0.28999999999993781       0.48290986390881790     
  0.29999999999993782       0.49601486759339386     
  0.30999999999993783       0.50877714674124941     
  0.31999999999993783       0.52118819346907952     
  0.32999999999993784       0.53323976813982976     
  0.33999999999993785       0.54492390512115130     
  0.34999999999993786       0.55623291829101174     
  0.35999999999993787       0.56715940628597628     
  0.36999999999993788       0.57769625748794917     
  0.37999999999993789       0.58783665474545876     
  0.38999999999993790       0.59757407982585364     
  0.39999999999993791       0.60690231759507351     
  0.40999999999993791       0.61581545992195386     
  0.41999999999993792       0.62430790930432001     
  0.42999999999993793       0.63237438221442865     
  0.43999999999993794       0.64000991216161396     
  0.44999999999993795       0.64720985247030149     
  0.45999999999993796       0.65396987877185564     
  0.46999999999993797       0.66028599120903009     
  0.47999999999993798       0.66615451635209622     
  0.48999999999993799       0.67157210882603002     
  0.49999999999993799       0.67653575264843946     
  0.50999999999993795       0.68104276227821869     
  0.51999999999993796       0.68509078337521701     
  0.52999999999993797       0.68867779327150846     
  0.53999999999993797       0.69180210115514862     
  0.54999999999993798       0.69446234796759732     
  0.55999999999993799       0.69665750601627996     
  0.56999999999993800       0.69838687830405077     
  0.57999999999993801       0.69965009757760244     
  0.58999999999993802       0.70044712509715634     
  0.59999999999993803       0.70077824913003661     
  0.60999999999993804       0.70064408317101201     
  0.61999999999993805       0.70004556389255368     
  0.62999999999993805       0.69898394882842418     
  0.63999999999993806       0.69746081379426650     
  0.64999999999993807       0.69547805004912022     
  0.65999999999993808       0.69303786120203337     
  0.66999999999993809       0.69014275986818385     
  0.67999999999993810       0.68679556407915332     
  0.68999999999993811       0.68299939345222760     
  0.69999999999993812       0.67875766512381763     
  0.70999999999993813       0.67407408945230451     
  0.71999999999993813       0.66895266549582399     
  0.72999999999993814       0.66339767627069979     
  0.73999999999993815       0.65741368379642440     
  0.74999999999993816       0.65100552393327471     
  0.75999999999993817       0.64417830101881690     
  0.76999999999993818       0.63693738230972674     
  0.77999999999993819       0.62928839223550481     
  0.78999999999993820       0.62123720647081881     
  0.79999999999993820       0.61278994583334345     
  0.80999999999993821       0.60395297001409987     
  0.81999999999993822       0.59473287114742002     
  0.82999999999993823       0.58513646722777612     
  0.83999999999993824       0.57517079538081606     
  0.84999999999993825       0.56484310499604695     
  0.85999999999993826       0.55416085072869026     
  0.86999999999993827       0.54313168537831102     
  0.87999999999993828       0.53176345265189384     
  0.88999999999993828       0.52006417981909192     
  0.89999999999993829       0.50804207026743087     
  0.90999999999993830       0.49570549596528479     
  0.91999999999993831       0.48306298984047574     
  0.92999999999993832       0.47012323808236794     
  0.93999999999993833       0.45689507237534349     
  0.94999999999993834       0.44338746207154739     
  0.95999999999993835       0.42960950631078698     
  0.96999999999993836       0.41557042609545480     
  0.97999999999993836       0.40127955632832379     
  0.98999999999993837       0.38674633782102985     
  0.99999999999993838       0.37198030928101838     
   1.0099999999999383       0.35699109928468259     
   1.0199999999999383       0.34178841824436551     
   1.0299999999999383       0.32638205037683110     
   1.0399999999999383       0.31078184568073985     
   1.0499999999999383       0.29499771193058066     
   1.0599999999999383       0.27903960669442529     
   1.0699999999999383       0.26291752938277513     
   1.0799999999999383       0.24664151333566620     
   1.0899999999999384       0.23022161795508944     
   1.0999999999999384       0.21366792088966718     
   1.1099999999999384       0.19699051027840087     
   1.1199999999999384       0.18019947706017833     
   1.1299999999999384       0.16330490735559006     
   1.1399999999999384       0.14631687492746356     
   1.1499999999999384       0.12924543372637692     
   1.1599999999999384       0.11210061052725855     
   1.1699999999999384        9.4892397663022557E-002
   1.1799999999999384        7.7630745861025377E-002
   1.1899999999999384        6.0325557187960621E-002
   1.1999999999999384        4.2986678108637134E-002
   1.2099999999999385        2.5623892663907580E-002
   1.2199999999999385        8.2469157728345174E-003
   1.2299999999999385       -9.1346133360040299E-003
   1.2399999999999385       -2.6511137559355337E-002
   1.2499999999999385       -4.3873188215756163E-002
   1.2599999999999385       -6.1211391199291462E-002
   1.2699999999999385       -7.8516472986515484E-002
   1.2799999999999385       -9.5779266492602017E-002
   1.2899999999999385      -0.11299071677299173     
   1.2999999999999385      -0.13014188656700745     
   1.3099999999999385      -0.14722396168011254     
   1.3199999999999386      -0.16422825620169343     
   1.3299999999999386      -0.18114621755545393     
   1.3399999999999386      -0.19796943137971609     
   1.3499999999999386      -0.21468962623513096     
   1.3599999999999386      -0.23129867813751015     
   1.3699999999999386      -0.24778861491369700     
   1.3799999999999386      -0.26415162037860485     
   1.3899999999999386      -0.28038003833175579     
   1.3999999999999386      -0.29646637637186102     
   1.4099999999999386      -0.31240330952818818     
   1.4199999999999386      -0.32818368370766632     
   1.4299999999999387      -0.34380051895688007     
   1.4399999999999387      -0.35924701253830810     
   1.4499999999999387      -0.37451654182035615     
   1.4599999999999387      -0.38960266698093621     
   1.4699999999999387      -0.40449913352453348     
   1.4799999999999387      -0.41919987461289754     
   1.4899999999999387      -0.43369901320968157     
   1.4999999999999387      -0.44799086403954053     
   1.5099999999999387      -0.46206993536238122     
   1.5199999999999387      -0.47593093056363739     
   1.5299999999999387      -0.48956874956161855     
   1.5399999999999388      -0.50297849003315387     
   1.5499999999999388      -0.51615544845892125     
   1.5599999999999388      -0.52909512099001532     
   1.5699999999999388      -0.54179320413747079     
   1.5799999999999388      -0.55424559528660966     
   1.5899999999999388      -0.56644839303823780     
   1.5999999999999388      -0.57839789737885938     
   1.6099999999999388      -0.59009060968222293     
   1.6199999999999388      -0.60152323254464912     
   1.6299999999999388      -0.61269266945672518     
   1.6399999999999388      -0.62359602431407812     
   1.6499999999999388      -0.63423060077006099     
   1.6599999999999389      -0.64459390143330852     
   1.6699999999999389      -0.65468362691322646     
   1.6799999999999389      -0.66449767471659171     
   1.6899999999999389      -0.67403413799853873     
   1.6999999999999389      -0.68329130417130857     
   1.7099999999999389      -0.69226765337422813     
   1.7199999999999389      -0.70096185680847134     
   1.7299999999999389      -0.70937277494023954     
   1.7399999999999389      -0.71749945557607242     
   1.7499999999999389      -0.72534113181406978     
   1.7599999999999389      -0.73289721987487422     
   1.7699999999999390      -0.74016731681631986     
   1.7799999999999390      -0.74715119813571018     
   1.7899999999999390      -0.75384881526373693     
   1.7999999999999390      -0.76026029295409359     
   1.8099999999999390      -0.76638592657288052     
   1.8199999999999390      -0.77222617929192594     
   1.8299999999999390      -0.77778167919018260     
   1.8399999999999390      -0.78305321626737578     
   1.8499999999999390      -0.78804173937410382     
   1.8599999999999390      -0.79274835306260005     
   1.8699999999999390      -0.79717431436237485     
   1.8799999999999391      -0.80132102948496309     
   1.8899999999999391      -0.80519005046199477     
   1.8999999999999391      -0.80878307172080877     
   1.9099999999999391      -0.81210192660181080     
   1.9199999999999391      -0.81514858382176769     
   1.9299999999999391      -0.81792514388720805     
   1.9399999999999391      -0.82043383546207693     
   1.9499999999999391      -0.82267701169376217     
   1.9599999999999391      -0.82465714650158106     
   1.9699999999999391      -0.82637683083177815     
   1.9799999999999391      -0.82783876888304520     
   1.9899999999999392      -0.82904577430653248     
   1.9999999999999392      -0.83000076638427167     
   2.0099999999999389      -0.83070676618988115     
   2.0199999999999387      -0.83116689273537159     
   2.0299999999999385      -0.83138435910780850     
   2.0399999999999383      -0.83136246859953566     
   2.0499999999999381      -0.83110461083559151     
   2.0599999999999379      -0.83061425790189214     
   2.0699999999999377      -0.82989496047768063     
   2.0799999999999375      -0.82895034397567446     
   2.0899999999999372      -0.82778410469326758     
   2.0999999999999370      -0.82640000597806884     
   2.1099999999999368      -0.82480187441097841     
   2.1199999999999366      -0.82299359600992716     
   2.1299999999999364      -0.82097911245731847     
   2.1399999999999362      -0.81876241735413113     
   2.1499999999999360      -0.81634755250355429     
   2.1599999999999357      -0.81373860422694089     
   2.1699999999999355      -0.81093969971477697     
   2.1799999999999353      -0.80795500341527393     
   2.1899999999999351      -0.80478871346310288     
   2.1999999999999349      -0.80144505815069633     
   2.2099999999999347      -0.79792829244445262     
   2.2199999999999345      -0.79424269454808505     
   2.2299999999999343      -0.79039256251526224     
   2.2399999999999340      -0.78638221091359628     
   2.2499999999999338      -0.78221596754193934     
   2.2599999999999336      -0.77789817020285301     
   2.2699999999999334      -0.77343316353202529     
   2.2799999999999332      -0.76882529588630988     
   2.2899999999999330      -0.76407891629197511     
   2.2999999999999328      -0.75919837145464830     
   2.3099999999999326      -0.75418800283235576     
   2.3199999999999323      -0.74905214377295926     
   2.3299999999999321      -0.74379511671720033     
   2.3399999999999319      -0.73842123046847308     
   2.3499999999999317      -0.73293477753035174     
   2.3599999999999315      -0.72734003151281279     
   2.3699999999999313      -0.72164124460799906     
   2.3799999999999311      -0.71584264513628881     
   2.3899999999999308      -0.70994843516334138     
   2.3999999999999306      -0.70396278818870928     
   2.4099999999999304      -0.69788984690651912     
   2.4199999999999302      -0.69173372103864250     
   2.4299999999999300      -0.68549848524069568     
   2.4399999999999298      -0.67918817708112567     
   2.4499999999999296      -0.67280679509356278     
   2.4599999999999294      -0.66635829690254267     
   2.4699999999999291      -0.65984659742262408     
   2.4799999999999289      -0.65327556713085688     
   2.4899999999999287      -0.64664903041248001     
   2.4999999999999285      -0.63997076397966268     
   2.5099999999999283      -0.63324449536302940     
   2.5199999999999281      -0.62647390147564797     
   2.5299999999999279      -0.61966260724908850     
   2.5399999999999276      -0.61281418434110724     
   2.5499999999999274      -0.60593214991444022     
   2.5599999999999272      -0.59901996548613867     
   2.5699999999999270      -0.59208103584681981     
   2.5799999999999268      -0.58511870804915023     
   2.5899999999999266      -0.57813627046483107     
   2.5999999999999264      -0.57113695190929836     
   2.6099999999999262      -0.56412392083330898     
   2.6199999999999259      -0.55710028458053185     
   2.6299999999999257      -0.55006908871022220     
   2.6399999999999255      -0.54303331638401542     
   2.6499999999999253      -0.53599588781583485     
   2.6599999999999251      -0.52895965978387161     
   2.6699999999999249      -0.52192742520355806     
   2.6799999999999247      -0.51490191276042307     
   2.6899999999999245      -0.50788578660168671     
   2.6999999999999242      -0.50088164608541885     
   2.7099999999999240      -0.49389202558606365     
   2.7199999999999238      -0.48691939435510162     
   2.7299999999999236      -0.47996615643560087     
   2.7399999999999234      -0.47303465062938521     
   2.7499999999999232      -0.46612715051552872     
   2.7599999999999230      -0.45924586451886662     
   2.7699999999999227      -0.45239293602719971     
   2.7799999999999225      -0.44557044355585196     
   2.7899999999999223      -0.43878040095823062     
   2.7999999999999221      -0.43202475768102794     
   2.8099999999999219      -0.42530539906269471     
   2.8199999999999217      -0.41862414667380743     
   2.8299999999999215      -0.41198275869794798     
   2.8399999999999213      -0.40538293035170986     
   2.8499999999999210      -0.39882629434244288     
   2.8599999999999208      -0.39231442136234812     
   2.8699999999999206      -0.38584882061753595     
   2.8799999999999204      -0.37943094039066255     
   2.8899999999999202      -0.37306216863576463     
   2.8999999999999200      -0.36674383360391599     
   2.9099999999999198      -0.36047720449833887     
   2.9199999999999195      -0.35426349215760827     
   2.9299999999999193      -0.34810384976559916     
   2.9399999999999191      -0.34199937358683469     
   2.9499999999999189      -0.33595110372590753     
   2.9599999999999187      -0.32996002490965726     
   2.9699999999999185      -0.32402706729080172     
   2.9799999999999183      -0.31815310727173485     
   2.9899999999999181      -0.31233896834721908     
   2.9999999999999178      -0.30658542196471811     
   3.0099999999999176      -0.30089318840113183     
   3.0199999999999174      -0.29526293765471584     
   3.0299999999999172      -0.28969529035098535     
   3.0399999999999170      -0.28419081866142482     
   3.0499999999999168      -0.27875004723384494     
   3.0599999999999166      -0.27337345413324921     
   3.0699999999999164      -0.26806147179209550     
   3.0799999999999161      -0.26281448796886092     
   3.0899999999999159      -0.25763284671383957     
   3.0999999999999157      -0.25251684934112845     
   3.1099999999999155      -0.24746675540577973     
   3.1199999999999153      -0.24248278368512241     
   3.1299999999999151      -0.23756511316328133     
   3.1399999999999149      -0.23271388401794615     
   3.1499999999999146      -0.22792919860846925     
   3.1599999999999144      -0.22321112246439609     
   3.1699999999999142      -0.21855968527355876     
   3.1799999999999140      -0.21397488186888802     
   3.1899999999999138      -0.20945667321312667     
   3.1999999999999136      -0.20500498738065270     
   3.2099999999999134      -0.20061972053564686     
   3.2199999999999132      -0.19630073790586644     
   3.2299999999999129      -0.19204787475131241     
   3.2399999999999127      -0.18786093732710465     
   3.2499999999999125      -0.18373970383990493     
   3.2599999999999123      -0.17968392539725470     
   3.2699999999999121      -0.17569332694922019     
   3.2799999999999119      -0.17176760822176312     
   3.2899999999999117      -0.16790644464128202     
   3.2999999999999114      -0.16410948824979329     
   3.3099999999999112      -0.16037636861024793     
   3.3199999999999110      -0.15670669370150370     
   3.3299999999999108      -0.15310005080249861     
   3.3399999999999106      -0.14955600736519470     
   3.3499999999999104      -0.14607411187588687     
   3.3599999999999102      -0.14265389470449383     
   3.3699999999999100      -0.13929486894147355     
   3.3799999999999097      -0.13599653122202723     
   3.3899999999999095      -0.13275836253727935     
   3.3999999999999093      -0.12957982903214432     
   3.4099999999999091      -0.12646038278961105     
   3.4199999999999089      -0.12339946260119951     
   3.4299999999999087      -0.12039649472336378     
   3.4399999999999085      -0.11745089361963756     
   3.4499999999999083      -0.11456206268833756     
   3.4599999999999080      -0.11172939497566078     
   3.4699999999999078      -0.10895227387403060     
   3.4799999999999076      -0.10623007380556573     
   3.4899999999999074      -0.10356216089056440     
   3.4999999999999072      -0.10094789360091393     
   3.5099999999999070       -9.8386623398353704E-002
   3.5199999999999068       -9.5877695357535930E-002
   3.5299999999999065       -9.3420448773845519E-002
   3.5399999999999063       -9.1014217755955903E-002
   3.5499999999999061       -8.8658331803113472E-002
   3.5599999999999059       -8.6352116367157700E-002
   3.5699999999999057       -8.4094893399299125E-002
   3.5799999999999055       -8.1885981881690495E-002
   3.5899999999999053       -7.9724698343840453E-002
   3.5999999999999051       -7.7610357363931529E-002
   3.6099999999999048       -7.5542272055116960E-002
   3.6199999999999046       -7.3519754536882490E-002
   3.6299999999999044       -7.1542116391570876E-002
   3.6399999999999042       -6.9608669106177593E-002
   3.6499999999999040       -6.7718724499536739E-002
   3.6599999999999038       -6.5871595135026009E-002
   3.6699999999999036       -6.4066594718929087E-002
   3.6799999999999033       -6.2303038484602787E-002
   3.6899999999999031       -6.0580243562604677E-002
   3.6999999999999029       -5.8897529336945136E-002
   3.7099999999999027       -5.7254217787635217E-002
   3.7199999999999025       -5.5649633819708999E-002
   3.7299999999999023       -5.4083105578905485E-002
   3.7399999999999021       -5.2553964754201932E-002
   3.7499999999999019       -5.1061546867395669E-002
   3.7599999999999016       -4.9605191549937415E-002
   3.7699999999999014       -4.8184242807223839E-002
   3.7799999999999012       -4.6798049270561790E-002
   3.7899999999999010       -4.5445964437020883E-002
   3.7999999999999008       -4.4127346897394892E-002
   3.8099999999999006       -4.2841560552495980E-002
   3.8199999999999004       -4.1587974818008688E-002
   3.8299999999999002       -4.0365964818133634E-002
   3.8399999999998999       -3.9174911568252993E-002
   3.8499999999998997       -3.8014202146852125E-002
   3.8599999999998995       -3.6883229856933257E-002
   3.8699999999998993       -3.5781394377158764E-002
   3.8799999999998991       -3.4708101902962363E-002
   3.8899999999998989       -3.3662765277867879E-002
   3.8999999999998987       -3.2644804115255194E-002
   3.9099999999998984       -3.1653644910813614E-002
   3.9199999999998982       -3.0688721145922786E-002
   3.9299999999998980       -2.9749473382200988E-002
   3.9399999999998978       -2.8835349347460057E-002
   3.9499999999998976       -2.7945804013305580E-002
   3.9599999999998974       -2.7080299664619820E-002
   3.9699999999998972       -2.6238305961163836E-002
   3.9799999999998970       -2.5419299991533553E-002
   3.9899999999998967       -2.4622766319703244E-002
   3.9999999999998965       -2.3848197024387768E-002
   4.0099999999998968       -2.3095091731453108E-002
   4.0199999999998965       -2.2362957639602464E-002
   4.0299999999998963       -2.1651309539562881E-002
   4.0399999999998961       -2.0959669826994824E-002
   4.0499999999998959       -2.0287568509344545E-002
   4.0599999999998957       -1.9634543206856214E-002
   4.0699999999998955       -1.9000139147957926E-002
   4.0799999999998953       -1.8383909159232589E-002
   4.0899999999998951       -1.7785413650181627E-002
   4.0999999999998948       -1.7204220592986024E-002
   4.1099999999998946       -1.6639905497465992E-002
   4.1199999999998944       -1.6092051381436982E-002
   4.1299999999998942       -1.5560248736656256E-002
   4.1399999999998940       -1.5044095490550526E-002
   4.1499999999998938       -1.4543196963911579E-002
   4.1599999999998936       -1.4057165824742859E-002
   4.1699999999998933       -1.3585622038436272E-002
   4.1799999999998931       -1.3128192814454509E-002
   4.1899999999998929       -1.2684512549690245E-002
   4.1999999999998927       -1.2254222768669559E-002
   4.2099999999998925       -1.1836972060762955E-002
   4.2199999999998923       -1.1432416014563188E-002
   4.2299999999998921       -1.1040217149585077E-002
   4.2399999999998919       -1.0660044845438340E-002
   4.2499999999998916       -1.0291575268620349E-002
   4.2599999999998914       -9.9344912970715047E-003
   4.2699999999998912       -9.5884824426318207E-003
   4.2799999999998910       -9.2532447715330621E-003
   4.2899999999998908       -8.9284808230566410E-003
   4.2999999999998906       -8.6138995264832454E-003
   4.3099999999998904       -8.3092161164560387E-003
   4.3199999999998902       -8.0141520468750074E-003
   4.3299999999998899       -7.7284349034359373E-003
   4.3399999999998897       -7.4517983149232844E-003
   4.3499999999998895       -7.1839818633620319E-003
   4.3599999999998893       -6.9247309931295357E-003
   4.3699999999998891       -6.6737969191241727E-003
   4.3799999999998889       -6.4309365340835265E-003
   4.3899999999998887       -6.1959123151407239E-003
   4.3999999999998884       -5.9684922297034747E-003
   4.4099999999998882       -5.7484496407362922E-003
   4.4199999999998880       -5.5355632115223234E-003
   4.4299999999998878       -5.3296168099772239E-003
   4.4399999999998876       -5.1303994125834690E-003
   4.4499999999998874       -4.9377050080095276E-003
   4.4599999999998872       -4.7513325004743777E-003
   4.4699999999998870       -4.5710856129138498E-003
   4.4799999999998867       -4.3967727900013943E-003
   4.4899999999998865       -4.2282071010719289E-003
   4.4999999999998863       -4.0652061429935311E-003
   4.5099999999998861       -3.9075919430278504E-003
   4.5199999999998859       -3.7551908617162334E-003
   4.5299999999998857       -3.6078334958246838E-003
   4.5399999999998855       -3.4653545813769222E-003
   4.5499999999998852       -3.3275928968009376E-003
   4.5599999999998850       -3.1943911662105705E-003
   4.5699999999998848       -3.0655959628397905E-003
   4.5799999999998846       -2.9410576126434698E-003
   4.5899999999998844       -2.8206300980745547E-003
   4.5999999999998842       -2.7041709620436523E-003
   4.6099999999998840       -2.5915412120631046E-003
   4.6199999999998838       -2.4826052245737066E-003
   4.6299999999998835       -2.3772306494482072E-003
   4.6399999999998833       -2.2752883146617562E-003
   4.6499999999998831       -2.1766521311153667E-003
   4.6599999999998829       -2.0811989975943767E-003
   4.6699999999998827       -1.9888087058397216E-003
   4.6799999999998825       -1.8993638457055941E-003
   4.6899999999998823       -1.8127497103727788E-003
   4.6999999999998820       -1.7288542015825570E-003
   4.7099999999998818       -1.6475677348516125E-003
   4.7199999999998816       -1.5687831446237950E-003
   4.7299999999998814       -1.4923955893099299E-003
   4.7399999999998812       -1.4183024561620517E-003
   4.7499999999998810       -1.3464032659235240E-003
   4.7599999999998808       -1.2765995771914348E-003
   4.7699999999998806       -1.2087948904224322E-003
   4.7799999999998803       -1.1428945515077724E-003
   4.7899999999998801       -1.0788056548377842E-003
   4.7999999999998799       -1.0164369457701828E-003
   4.8099999999998797       -9.5569872241067408E-004
   4.8199999999998795       -8.9650273660810272E-004
   4.8299999999998793       -8.3876209405991367E-004
   4.8399999999998791       -7.8239115341699938E-004
   4.8499999999998789       -7.2730542426998398E-004
   4.8599999999998786       -6.7342146389169535E-004
   4.8699999999998784       -6.2065677260293381E-004
   4.8799999999998782       -5.6892968762066302E-004
   4.8899999999998780       -5.1815927523938643E-004
   4.8999999999998778       -4.6826522118771310E-004
   4.9099999999998776       -4.1916771899292544E-004
   4.9199999999998774       -3.7078735617671987E-004
   4.9299999999998771       -3.2304499809515501E-004
   4.9399999999998769       -2.7586166922519091E-004
   4.9499999999998767       -2.2915843168899421E-004
   4.9599999999998765       -1.8285626079538641E-004
   4.9699999999998763       -1.3687591736538164E-004
   4.9799999999998761       -9.1137816595661796E-005
   4.9899999999998759       -4.5561893200022212E-005
   4.9999999999998757       -6.7462554244156926E-008
